# Mass             Age              Teff             Luminosity       Radius           Gravity          NIRCAM-F460M     NIRCAM-F480M     NIRCAM-F356W     NIRCAM-F410M     NIRCAM-F300M     NIRCAM-F277W     NIRCAM-F250M     NIRCAM-F335M     NIRCAM-F430M     NIRCAM-F444W     NIRCAM-F360M    
# M/Msun           Gyr              K                L/Lsun           R/Rsun           log(g[cm/s^2])  
  0.06400000       1.00000000E-03   3008.29207772    -1.43638271      0.70566656       3.54739540       0.00000000       0.00000000       0.00000000       0.00000000       0.00000000       0.00000000       0.00000000       0.00000000       0.00000000       0.00000000       0.00000000      
  0.06400000       1.26638017E-03   3008.08427945    -1.44772738      0.69660288       3.55862405       0.00000000       0.00000000       0.00000000       0.00000000       0.00000000       0.00000000       0.00000000       0.00000000       0.00000000       0.00000000       0.00000000      
  0.06400000       1.60371874E-03   3007.94417419    -1.45908926      0.68761422       3.56990454       0.00000000       0.00000000       0.00000000       0.00000000       0.00000000       0.00000000       0.00000000       0.00000000       0.00000000       0.00000000       0.00000000      
  0.06400000       2.03091762E-03   3007.80723740    -1.47582259      0.67455048       3.58656529       0.00000000       0.00000000       0.00000000       0.00000000       0.00000000       0.00000000       0.00000000       0.00000000       0.00000000       0.00000000       0.00000000      
  0.06400000       2.57191381E-03   3007.94575524    -1.50537150      0.65193571       3.61618496       0.00000000       0.00000000       0.00000000       0.00000000       0.00000000       0.00000000       0.00000000       0.00000000       0.00000000       0.00000000       0.00000000      
  0.06400000       3.25702066E-03   3008.91555869    -1.57403368      0.60198368       3.68542491       0.00000000       0.00000000       0.00000000       0.00000000       0.00000000       0.00000000       0.00000000       0.00000000       0.00000000       0.00000000       0.00000000      
  0.06400000       4.12462638E-03   3010.73457067    -1.71743319      0.50974948       3.82988297       0.00000000       0.00000000       0.00000000       0.00000000       0.00000000       0.00000000       0.00000000       0.00000000       0.00000000       0.00000000       0.00000000      
  0.06400000       5.22334507E-03   3013.64895048    -1.84143542      0.44108755       3.95554562       0.00000000       0.00000000       0.00000000       0.00000000       0.00000000       0.00000000       0.00000000       0.00000000       0.00000000       0.00000000       0.00000000      
  0.06400000       6.61474064E-03   3009.42198352    -1.95065671      0.39006069       4.06233044       0.00000000       0.00000000       0.00000000       0.00000000       0.00000000       0.00000000       0.00000000       0.00000000       0.00000000       0.00000000       0.00000000      
  0.06400000       8.37677640E-03   3000.49815181    -2.05032871      0.34984580       4.15684338       0.00000000       0.00000000       0.00000000       0.00000000       0.00000000       0.00000000       0.00000000       0.00000000       0.00000000       0.00000000       0.00000000      
  0.06400000       1.06081836E-02   2991.74986616    -2.14207739      0.31661670       4.24352744       0.00000000       0.00000000       0.00000000       0.00000000       0.00000000       0.00000000       0.00000000       0.00000000       0.00000000       0.00000000       0.00000000      
  0.06400000       1.34339933E-02   2982.32500448    -2.22883637      0.28833294       4.32480871       0.00000000       0.00000000       0.00000000       0.00000000       0.00000000       0.00000000       0.00000000       0.00000000       0.00000000       0.00000000       0.00000000      
  0.06400000       1.70125428E-02   2972.49679399    -2.31176811      0.26381142       4.40200808       0.00000000       0.00000000       0.00000000       0.00000000       0.00000000       0.00000000       0.00000000       0.00000000       0.00000000       0.00000000       0.00000000      
  0.06400000       2.15443469E-02   2959.89779712    -2.39357763      0.24214469       4.47644670       0.00000000       0.00000000       0.00000000       0.00000000       0.00000000       0.00000000       0.00000000       0.00000000       0.00000000       0.00000000       0.00000000      
  0.06400000       2.72833338E-02   2939.31320549    -2.47768117      0.22289062       4.54841318       0.00000000       0.00000000       0.00000000       0.00000000       0.00000000       0.00000000       0.00000000       0.00000000       0.00000000       0.00000000       0.00000000      
  0.06400000       3.45510729E-02   2923.67466591    -2.55608812      0.20583771       4.61754503       0.00000000       0.00000000       0.00000000       0.00000000       0.00000000       0.00000000       0.00000000       0.00000000       0.00000000       0.00000000       0.00000000      
  0.06400000       4.37547938E-02   2898.67206782    -2.63867505      0.19041316       4.68520033       0.00000000       0.00000000       0.00000000       0.00000000       0.00000000       0.00000000       0.00000000       0.00000000       0.00000000       0.00000000       0.00000000      
  0.06400000       5.54102033E-02   2865.69283157    -2.72392906      0.17660410       4.75059508       0.00000000       0.00000000       0.00000000       0.00000000       0.00000000       0.00000000       0.00000000       0.00000000       0.00000000       0.00000000       0.00000000      
  0.06400000       7.01703829E-02   2832.49726576    -2.80751565      0.16418522       4.81392824       0.00000000       0.00000000       0.00000000       0.00000000       0.00000000       0.00000000       0.00000000       0.00000000       0.00000000       0.00000000       0.00000000      
  0.06400000       8.88623816E-02   2791.38241938    -2.89437098      0.15296768       4.87539561       0.00000000       0.00000000       0.00000000       0.00000000       0.00000000       0.00000000       0.00000000       0.00000000       0.00000000       0.00000000       0.00000000      
  0.06400000       1.12533558E-01   2741.21860923    -2.98525225      0.14286222       4.93475952       0.00000000       0.00000000       0.00000000       0.00000000       0.00000000       0.00000000       0.00000000       0.00000000       0.00000000       0.00000000       0.00000000      
  0.06400000       1.42510267E-01   2684.07963177    -3.07870681      0.13380719       4.99163531       0.00000000       0.00000000       0.00000000       0.00000000       0.00000000       0.00000000       0.00000000       0.00000000       0.00000000       0.00000000       0.00000000      
  0.06400000       1.80472177E-01   2615.38783823    -3.17776773      0.12573762       5.04566375       0.00000000       0.00000000       0.00000000       0.00000000       0.00000000       0.00000000       0.00000000       0.00000000       0.00000000       0.00000000       0.00000000      
  0.06400000       2.28546386E-01   2535.58819000    -3.28250477      0.11857987       5.09657228       0.00000000       0.00000000       0.00000000       0.00000000       0.00000000       0.00000000       0.00000000       0.00000000       0.00000000       0.00000000       0.00000000      
  0.06400000       2.89426612E-01   2448.60316857    -3.38998118      0.11235710       5.14339361       0.00000000       0.00000000       0.00000000       0.00000000       0.00000000       0.00000000       0.00000000       0.00000000       0.00000000       0.00000000       0.00000000      
  0.06400000       3.66524124E-01   2347.03884519    -3.50625920      0.10696748       5.18609113       0.00000000       0.00000000       0.00000000       0.00000000       0.00000000       0.00000000       0.00000000       0.00000000       0.00000000       0.00000000       0.00000000      
  0.06400000       4.64158883E-01   2237.98310786    -3.62700080      0.10237764       5.22418501       0.00000000       0.00000000       0.00000000       0.00000000       0.00000000       0.00000000       0.00000000       0.00000000       0.00000000       0.00000000       0.00000000      
  0.06400000       5.87801607E-01   2131.76127035    -3.74565110      0.09842943       5.25834596       0.00000000       0.00000000       0.00000000       0.00000000       0.00000000       0.00000000       0.00000000       0.00000000       0.00000000       0.00000000       0.00000000      
  0.06400000       7.44380301E-01   2017.59866129    -3.87198714      0.09500631       5.28908976       0.00000000       0.00000000       0.00000000       0.00000000       0.00000000       0.00000000       0.00000000       0.00000000       0.00000000       0.00000000       0.00000000      
  0.06400000       9.42668455E-01   1901.88445188    -4.00171166      0.09208679       5.31619997       0.00000000       0.00000000       0.00000000       0.00000000       0.00000000       0.00000000       0.00000000       0.00000000       0.00000000       0.00000000       0.00000000      
  0.06400000       1.19377664E+00   1783.47644720    -4.13709016      0.08960832       5.33989802       11.61294160      11.48896020      11.29144582      10.65457511      12.20896739      12.44531602      12.56960270      12.04146279      11.02819428      10.98854300      11.18342174     
  0.06400000       1.51177507E+00   1675.42015620    -4.26677157      0.08745768       5.36099843       11.84980804      11.71485300      11.69676394      10.89543569      12.55070959      12.80058537      12.95949346      12.62744132      11.27149765      11.22495724      11.63495585     
  0.06400000       1.91448198E+00   1570.05012730    -4.39847024      0.08557814       5.37986870       12.08708477      11.94082400      12.10419174      11.16143757      12.90166549      13.18132745      13.38658380      13.15160408      11.52813479      11.47834831      12.09101816     
  0.06400000       2.42446202E+00   1476.70913417    -4.52201210      0.08391154       5.39695088       12.30918131      12.15221118      12.47030668      11.42510613      13.23539272      13.55600017      13.81045569      13.59166945      11.77313617      11.72469059      12.48294458     
  0.06400000       3.07029063E+00   1386.13938079    -4.64801061      0.08237764       5.41297556       12.51446633      12.34972343      12.83442400      11.69629344      13.58633287      13.95595399      14.26453257      14.04015587      12.00774362      11.97014554      12.85964352     
  0.06400000       3.88815518E+00   1285.72185763    -4.79310742      0.08101820       5.42742907       12.71775598      12.54670353      13.20544620      11.97862995      13.96815789      14.39746945      14.76981898      14.51939310      12.24199174      12.22158484      13.23791424     
  0.06400000       4.92388263E+00   1208.88178112    -4.91293266      0.07983406       5.44021780       12.87076861      12.70018153      13.49927674      12.20248478      14.30114057      14.78626127      15.21357766      14.92283640      12.41714037      12.41761624      13.53942700     
  0.06400000       6.23550734E+00   1142.98595813    -5.02251482      0.07872103       5.45241262       12.97319999      12.81287421      13.74267144      12.38643829      14.59229167      15.12766251      15.60286898      15.26239448      12.55227104      12.57212450      13.79222358     
  0.06400000       7.89652287E+00   1079.51262662    -5.13394102      0.07762337       5.46460922       13.07998377      12.92924708      13.99120798      12.57395340      14.89417852      15.48029616      16.00828500      15.62022584      12.69019008      12.73016738      14.05170027     
  0.06400000       1.00000000E+01   1016.61705100    -5.25036172      0.07654599       5.47674930       13.16493014      13.03773209      14.24711976      12.76560619      15.22667997      15.86665562      16.45181288      16.00987547      12.83044079      12.88581074      14.31826004     
