# Mass             Age              Teff             Luminosity       Radius           Gravity          MKO_Y            MKO_J            MKO_H            MKO_K            MKO_Lp           MKO_Mp           W1               W2               W3               W4               IRAC_CH1         IRAC_CH2        
# M/Msun           Gyr              K                L/Lsun           R/Rsun           log(g[cm/s^2])  
  0.00800000       1.00000000E-03   2208.65372915    -2.89993239      0.24277277       3.57110446       0.00000000       0.00000000       0.00000000       0.00000000       0.00000000       0.00000000       0.00000000       0.00000000       0.00000000       0.00000000       0.00000000       0.00000000      
  0.00800000       1.26638017E-03   2157.95948515    -2.99610494      0.22766185       3.62692596       0.00000000       0.00000000       0.00000000       0.00000000       0.00000000       0.00000000       0.00000000       0.00000000       0.00000000       0.00000000       0.00000000       0.00000000      
  0.00800000       1.60371874E-03   2099.53684540    -3.09697037      0.21414240       3.68009977       0.00000000       0.00000000       0.00000000       0.00000000       0.00000000       0.00000000       0.00000000       0.00000000       0.00000000       0.00000000       0.00000000       0.00000000      
  0.00800000       2.03091762E-03   2038.67112883    -3.19859804      0.20204111       3.73062711       0.00000000       0.00000000       0.00000000       0.00000000       0.00000000       0.00000000       0.00000000       0.00000000       0.00000000       0.00000000       0.00000000       0.00000000      
  0.00800000       2.57191381E-03   1970.35294067    -3.30565999      0.19120756       3.77849483       0.00000000       0.00000000       0.00000000       0.00000000       0.00000000       0.00000000       0.00000000       0.00000000       0.00000000       0.00000000       0.00000000       0.00000000      
  0.00800000       3.25702066E-03   1895.29306865    -3.41780850      0.18162029       3.82317792       0.00000000       0.00000000       0.00000000       0.00000000       0.00000000       0.00000000       0.00000000       0.00000000       0.00000000       0.00000000       0.00000000       0.00000000      
  0.00800000       4.12462638E-03   1824.00065530    -3.52644199      0.17304375       3.86519418       0.00000000       0.00000000       0.00000000       0.00000000       0.00000000       0.00000000       0.00000000       0.00000000       0.00000000       0.00000000       0.00000000       0.00000000      
  0.00800000       5.22334507E-03   1734.04239672    -3.65325261      0.16545648       3.90413887       12.85267791      11.53411937      11.02666910      10.54913643      9.46571032       10.28310159      10.09664109      10.03137207      9.06081150       9.02266759       9.74385183       9.96755840      
  0.00800000       6.61474064E-03   1646.78132483    -3.77813369      0.15888800       3.93932400       13.20434856      11.83392613      11.30576725      10.88500922      9.71116020       10.58944792      10.40812325      10.31075838      9.24073303       9.19076583       10.02874371      10.24359122     
  0.00800000       8.37677640E-03   1566.89355529    -3.89693501      0.15306905       3.97173135       13.50837073      12.11345514      11.57564805      11.23359550      9.97591350       10.86620820      10.75571344      10.56624205      9.40791888       9.33705940       10.34542705      10.49923156     
  0.00800000       1.06081836E-02   1488.69339102    -4.01627255      0.14780572       4.00212355       13.76284034      12.37596256      11.85130741      11.61697847      10.27740389      11.13624605      11.16029759      10.81733494      9.57421148       9.47630411       10.71163886      10.75353731     
  0.00800000       1.34339933E-02   1384.15498115    -4.16948443      0.14332518       4.02886038       14.03450108      12.68562119      12.24451582      12.17046880      10.71231813      11.48777029      11.73566936      11.14669599      9.77899343       9.64132427       11.23873198      11.09260695     
  0.00800000       1.70125428E-02   1307.18261554    -4.29311616      0.13938014       4.05310305       14.23048086      12.92690935      12.61357058      12.64126657      11.08784739      11.77279464      12.19613783      11.41097271      9.94943776       9.78084200       11.68231112      11.36884504     
  0.00800000       2.15443469E-02   1228.37734675    -4.42334992      0.13586150       4.07531254       14.43431299      13.17162919      13.02219702      13.08432887      11.45624934      12.03997571      12.62061446      11.65653127      10.11109486      9.91396070       12.11204019      11.62957358     
  0.00800000       2.72833338E-02   1154.04251823    -4.55205995      0.13272780       4.09558087       14.64280723      13.42191687      13.45780238      13.51724646      11.80417989      12.32996076      13.02020791      11.90987137      10.27290112      10.04900466      12.51378257      11.89612743     
  0.00800000       3.45510729E-02   1082.75455905    -4.68144461      0.12991266       4.11420214       14.86437160      13.69627177      13.90623336      13.93035225      12.12952704      12.62167296      13.39654694      12.15955085      10.43336833      10.18449822      12.88789823      12.15766356     
  0.00800000       4.37547938E-02   1015.42501984    -4.81016581      0.12736801       4.13138415       15.09813740      13.98754322      14.32414041      14.30480673      12.43538212      12.87992905      13.75710423      12.38185155      10.58238144      10.30869381      13.24455795      12.39290704     
  0.00800000       5.54102033E-02   952.77013792     -4.93657384      0.12507247       4.14718093       15.37370439      14.29700477      14.73648482      14.69803979      12.73739603      13.16643338      14.13355043      12.62197691      10.74191892      10.44170570      13.59821864      12.64325175     
  0.00800000       7.01703829E-02   890.93450889     -5.06774299      0.12298846       4.16177597       15.67967004      14.63204616      15.15132917      15.10988934      13.04974084      13.46097019      14.52528639      12.86729252      10.90743172      10.57868537      13.96670804      12.89786365     
  0.00800000       8.88623816E-02   827.72591297     -5.20888216      0.12112245       4.17505552       16.02030896      15.01463441      15.56974658      15.55572094      13.37284427      13.75201402      14.92080513      13.11308213      11.08024045      10.71837245      14.34646683      13.15359594     
  0.00800000       1.12533558E-01   769.71046964     -5.34706149      0.11946732       4.18700653       16.37441796      15.40125143      15.98403798      16.02434604      13.68945646      14.00965668      15.31175156      13.33518172      11.25245241      10.85273408      14.71733969      13.38564949     
  0.00800000       1.42510267E-01   715.91291586     -5.48384040      0.11797551       4.19792053       16.74535657      15.79328193      16.40029052      16.52346841      14.00527174      14.21859306      15.71230002      13.53936467      11.42912756      10.98748287      15.08602950      13.59650410     
  0.00800000       1.80472177E-01   668.09366829     -5.61391074      0.11662861       4.20789433       17.12507295      16.18566889      16.81725951      17.03655922      14.31645712      14.37744820      16.10782616      13.72225479      11.60219226      11.11603729      15.44774203      13.78471678     
  0.00800000       2.28546386E-01   623.35871217     -5.74358249      0.11539100       4.21716071       17.54671605      16.60658032      17.26707559      17.61930956      14.63990349      14.48238717      16.52539259      13.88556542      11.79179775      11.24865515      15.82498566      13.95044701     
  0.00800000       2.89426612E-01   581.94064289     -5.87162349      0.11425364       4.22576437       17.99317459      17.04186522      17.73462094      18.25375710      14.96027109      14.53802112      16.94755022      14.03157199      11.99533388      11.38219485      16.20012300      14.09481056     
  0.00800000       3.66524124E-01   543.68009319     -5.99785686      0.11319289       4.23386611       18.45743527      17.50013256      18.22661976      18.93711725      15.29579477      14.60400907      17.38938814      14.19691095      12.20693898      11.51578979      16.59268991      14.25822191     
  0.00800000       4.64158883E-01   510.18835374     -6.11601858      0.11219220       4.24157904       18.93666629      17.97553510      18.72232175      19.63488570      15.61317397      14.62699602      17.81807695      14.34264715      12.41610494      11.64099001      16.96929476      14.39476476     
  0.00800000       5.87801607E-01   477.95859515     -6.23669043      0.11125183       4.24889003       19.51497798      18.53087010      19.26713860      20.38006234      15.92834151      14.61766079      18.26479191      14.46879890      12.63199926      11.76314566      17.35663542      14.50940674     
  0.00800000       7.44380301E-01   447.14174722     -6.35936266      0.11037205       4.25578611       20.08544139      19.13653330      19.85206121      21.25749923      16.28419413      14.73225798      18.74493682      14.67069585      12.88632388      11.90170847      17.77508788      14.70623141     
  0.00800000       9.42668455E-01   420.13260148     -6.47419354      0.10953386       4.26240748       20.73473132      19.84234632      20.49355189      22.18311126      16.65498743      14.78102738      19.25598863      14.85134211      13.14544310      12.03701271      18.21631569      14.87883311     
  0.00800000       1.19377664E+00   394.42610589     -6.59023966      0.10873706       4.26874906       21.36906545      20.54157638      21.11608627      23.16208393      17.00408543      14.93782357      19.78302360      15.04650365      13.41671478      12.17951000      18.66787198      15.06508716     
  0.00800000       1.51177507E+00   372.48844836     -6.69585245      0.10796246       4.27495870       22.08851021      21.36018775      21.82802255      24.10717293      17.37402440      15.03521631      20.28580482      15.24928483      13.68704511      12.30423227      19.09902762      15.26279275     
  0.00800000       1.91448198E+00   350.14797977     -6.80937044      0.10721223       4.28101557       22.81791916      22.17651713      22.51086076      25.16693903      17.74122837      15.20080990      20.84178021      15.44907367      13.97795420      12.45093257      19.57618329      15.45439440     
  0.00800000       2.42446202E+00   336.54837376     -6.88431439      0.10645823       4.28714572       23.41695345      22.81556979      23.02781293      25.95359200      18.02176367      15.35162402      21.24140000      15.61492426      14.18569658      12.55582989      19.92452640      15.61646833     
  0.00800000       3.07029063E+00   321.52999307     -6.97001598      0.10567463       4.29356279       24.14118599      23.54886404      23.61300338      26.77977501      18.31526775      15.49021993      21.66302965      15.76701285      14.39445042      12.65572393      20.29640933      15.76262453     
  0.00800000       3.88815518E+00   305.22461814     -7.06696810      0.10488294       4.30009455       24.89651994      24.33736365      24.23952170      27.80965286      18.67351563      15.69618616      22.17293885      16.00245019      14.66224731      12.79445283      20.74457642      15.99443868     
  0.00800000       4.92388263E+00   290.40757025     -7.15995269      0.10409691       4.30662858       25.82920838      25.22744689      24.93708556      28.87170527      19.04682317      15.89086120      22.71318221      16.21224746      14.91390789      12.91864108      21.22497950      16.19822095     
  0.00800000       6.23550734E+00   275.44145402     -7.25847252      0.10330676       4.31324676       26.84000745      26.20751018      25.70773728      30.04553319      19.45524306      16.10571212      23.28685239      16.44928567      15.17196399      13.04915812      21.74287794      16.42992662     
  0.00800000       7.89652287E+00   259.38714316     -7.36933910      0.10253305       4.31977650       28.01789332      27.37127921      26.61033639      31.45165143      19.93797559      16.37973790      23.95624280      16.73916040      15.44791878      13.19483753      22.35676544      16.71426469     
  0.00800000       1.00000000E+01   245.76735609     -7.46938184      0.10178784       4.32611245       29.10815230      28.45547986      27.44068778      32.76369681      20.40169832      16.64437342      24.59421311      17.01879899      15.68963883      13.32850183      22.95022584      16.98950071     
