# Mass             Age              Teff             Luminosity       Radius           Gravity          MKO_Y            MKO_J            MKO_H            MKO_K            MKO_Lp           MKO_Mp           W1               W2               W3               W4               IRAC_CH1         IRAC_CH2        
# M/Msun           Gyr              K                L/Lsun           R/Rsun           log(g[cm/s^2])  
  0.02700000       1.00000000E-03   2755.60303864    -2.05230750      0.41384905       3.63609711       0.00000000       0.00000000       0.00000000       0.00000000       0.00000000       0.00000000       0.00000000       0.00000000       0.00000000       0.00000000       0.00000000       0.00000000      
  0.02700000       1.26638017E-03   2748.82084181    -2.11992105      0.38473441       3.69945646       0.00000000       0.00000000       0.00000000       0.00000000       0.00000000       0.00000000       0.00000000       0.00000000       0.00000000       0.00000000       0.00000000       0.00000000      
  0.02700000       1.60371874E-03   2742.53011100    -2.17720138      0.36185021       3.75272243       0.00000000       0.00000000       0.00000000       0.00000000       0.00000000       0.00000000       0.00000000       0.00000000       0.00000000       0.00000000       0.00000000       0.00000000      
  0.02700000       2.03091762E-03   2738.08799321    -2.21416160      0.34790026       3.78686937       0.00000000       0.00000000       0.00000000       0.00000000       0.00000000       0.00000000       0.00000000       0.00000000       0.00000000       0.00000000       0.00000000       0.00000000      
  0.02700000       2.57191381E-03   2735.78709213    -2.23243385      0.34123076       3.80368200       0.00000000       0.00000000       0.00000000       0.00000000       0.00000000       0.00000000       0.00000000       0.00000000       0.00000000       0.00000000       0.00000000       0.00000000      
  0.02700000       3.25702066E-03   2734.44864935    -2.24251085      0.33762177       3.81291713       0.00000000       0.00000000       0.00000000       0.00000000       0.00000000       0.00000000       0.00000000       0.00000000       0.00000000       0.00000000       0.00000000       0.00000000      
  0.02700000       4.12462638E-03   2733.02621761    -2.25318913      0.33384102       3.82269920       0.00000000       0.00000000       0.00000000       0.00000000       0.00000000       0.00000000       0.00000000       0.00000000       0.00000000       0.00000000       0.00000000       0.00000000      
  0.02700000       5.22334507E-03   2730.84391505    -2.26917213      0.32827713       3.83729738       0.00000000       0.00000000       0.00000000       0.00000000       0.00000000       0.00000000       0.00000000       0.00000000       0.00000000       0.00000000       0.00000000       0.00000000      
  0.02700000       6.61474064E-03   2726.79897318    -2.29683933      0.31893175       3.86238310       0.00000000       0.00000000       0.00000000       0.00000000       0.00000000       0.00000000       0.00000000       0.00000000       0.00000000       0.00000000       0.00000000       0.00000000      
  0.02700000       8.37677640E-03   2715.37700508    -2.35808890      0.29972286       3.91633847       0.00000000       0.00000000       0.00000000       0.00000000       0.00000000       0.00000000       0.00000000       0.00000000       0.00000000       0.00000000       0.00000000       0.00000000      
  0.02700000       1.06081836E-02   2681.84717555    -2.51207028      0.25735241       4.04872470       0.00000000       0.00000000       0.00000000       0.00000000       0.00000000       0.00000000       0.00000000       0.00000000       0.00000000       0.00000000       0.00000000       0.00000000      
  0.02700000       1.34339933E-02   2621.09803799    -2.68198424      0.22155150       4.17883101       0.00000000       0.00000000       0.00000000       0.00000000       0.00000000       0.00000000       0.00000000       0.00000000       0.00000000       0.00000000       0.00000000       0.00000000      
  0.02700000       1.70125428E-02   2560.48613736    -2.82408265      0.19712029       4.28031663       0.00000000       0.00000000       0.00000000       0.00000000       0.00000000       0.00000000       0.00000000       0.00000000       0.00000000       0.00000000       0.00000000       0.00000000      
  0.02700000       2.15443469E-02   2490.34475331    -2.95698905      0.17881565       4.36496913       0.00000000       0.00000000       0.00000000       0.00000000       0.00000000       0.00000000       0.00000000       0.00000000       0.00000000       0.00000000       0.00000000       0.00000000      
  0.02700000       2.72833338E-02   2414.12657181    -3.08394533      0.16441317       4.43790697       0.00000000       0.00000000       0.00000000       0.00000000       0.00000000       0.00000000       0.00000000       0.00000000       0.00000000       0.00000000       0.00000000       0.00000000      
  0.02700000       3.45510729E-02   2329.02373379    -3.21064545      0.15267032       4.50227103       0.00000000       0.00000000       0.00000000       0.00000000       0.00000000       0.00000000       0.00000000       0.00000000       0.00000000       0.00000000       0.00000000       0.00000000      
  0.02700000       4.37547938E-02   2226.63211791    -3.34614036      0.14291013       4.55965409       0.00000000       0.00000000       0.00000000       0.00000000       0.00000000       0.00000000       0.00000000       0.00000000       0.00000000       0.00000000       0.00000000       0.00000000      
  0.02700000       5.54102033E-02   2116.00566229    -3.48500771      0.13486235       4.60999830       0.00000000       0.00000000       0.00000000       0.00000000       0.00000000       0.00000000       0.00000000       0.00000000       0.00000000       0.00000000       0.00000000       0.00000000      
  0.02700000       7.01703829E-02   2003.44722222    -3.62392052      0.12820568       4.65396533       0.00000000       0.00000000       0.00000000       0.00000000       0.00000000       0.00000000       0.00000000       0.00000000       0.00000000       0.00000000       0.00000000       0.00000000      
  0.02700000       8.88623816E-02   1884.67690911    -3.76789395      0.12274557       4.69176752       0.00000000       0.00000000       0.00000000       0.00000000       0.00000000       0.00000000       0.00000000       0.00000000       0.00000000       0.00000000       0.00000000       0.00000000      
  0.02700000       1.12533558E-01   1775.43769280    -3.90523204      0.11808768       4.72537034       13.59031101      12.15275725      11.55620643      11.32333237      10.22167177      11.00410681      10.94557384      10.69185475      9.78710635       9.73004828       10.57665428      10.62619627     
  0.02700000       1.42510267E-01   1651.21515212    -4.06054811      0.11416909       4.75468120       13.96154151      12.49921079      11.91494970      11.79773471      10.60132836      11.31427399      11.47338191      10.98185618      9.98279900       9.89576105       11.05584762      10.91844214     
  0.02700000       1.80472177E-01   1543.86680179    -4.20237613      0.11092552       4.77971619       14.21916048      12.79033913      12.27755614      12.27897653      10.98864409      11.59355640      11.98657722      11.25206709      10.16570122      10.04901212      11.53363082      11.19513064     
  0.02700000       2.28546386E-01   1447.50819049    -4.33663672      0.10811055       4.80204297       14.42726689      13.04819052      12.65638852      12.74667265      11.36122683      11.86759106      12.44836946      11.51617947      10.33976011      10.19712281      11.97999343      11.46794951     
  0.02700000       2.89426612E-01   1349.51439112    -4.47871314      0.10561560       4.82232252       14.64436812      13.31334204      13.11241885      13.23810469      11.74644098      12.15164871      12.89948034      11.78934021      10.52010617      10.34990519      12.43048787      11.75280445     
  0.02700000       3.66524124E-01   1262.71807277    -4.61221376      0.10344455       4.84036347       14.85251090      13.55568636      13.56963665      13.66874888      12.09100420      12.40068347      13.29954553      12.03134206      10.68501340      10.49129096      12.82973331      12.00679006     
  0.02700000       4.64158883E-01   1184.36183127    -4.74029912      0.10146640       4.85713396       15.05859363      13.80418132      14.00759158      14.06448485      12.39836891      12.62380579      13.66157489      12.24861539      10.84204481      10.62582688      13.18414148      12.23422941     
  0.02700000       5.87801607E-01   1085.24260048    -4.90661960      0.09978654       4.87163463       15.37531037      14.17760715      14.54977100      14.57316424      12.76145204      12.90724325      14.10899986      12.51919393      11.03870259      10.79097264      13.60416879      12.51396478     
  0.02700000       7.44380301E-01   1007.77540035    -5.04809809      0.09832332       4.88446498       15.67706095      14.51777912      14.98269081      15.00919799      13.06345695      13.11866239      14.49886838      12.73039712      11.21134530      10.93250403      13.95939184      12.73065531     
  0.02700000       9.42668455E-01   938.47246991     -5.18336536      0.09702935       4.89597207       15.99233463      14.86630139      15.38554664      15.44584116      13.34975053      13.28892968      14.86912103      12.91529907      11.38241918      11.06860493      14.29643770      12.91919655     
  0.02700000       1.19377664E+00   874.45499006     -5.31664059      0.09586120       4.90649244       16.33491116      15.22987782      15.78144298      15.90235088      13.63527982      13.43536162      15.23868791      13.08954412      11.55920725      11.20487127      14.63166335      13.09529639     
  0.02700000       1.51177507E+00   809.90784005     -5.45959365      0.09478829       4.91626868       16.73207822      15.63478491      16.20922832      16.43661655      13.93878047      13.54483667      15.63959518      13.25537360      11.75825367      11.35100944      14.98664406      13.26048226     
  0.02700000       1.91448198E+00   746.99641840     -5.60882105      0.09383764       4.92502380       17.16990124      16.06395644      16.65855191      17.04754190      14.25358160      13.64825489      16.06568189      13.42815272      11.97678793      11.50263094      15.35703939      13.43177473     
  0.02700000       2.42446202E+00   692.39968612     -5.74841673      0.09300424       4.93277248       17.60160638      16.48278753      17.09755147      17.66468251      14.55439574      13.73920022      16.47397621      13.59391466      12.19282483      11.64595793      15.71055777      13.59546725     
  0.02700000       3.07029063E+00   648.98021310     -5.86817565      0.09223127       4.94002159       17.99340956      16.85883335      17.49085272      18.22344645      14.81169850      13.80834179      16.82493790      13.73649585      12.38983397      11.77110928      16.01362441      13.73520139     
  0.02700000       3.88815518E+00   604.55332010     -5.99823435      0.09150508       4.94688756       18.45346555      17.30770341      17.96583423      18.90494542      15.10117313      13.91512324      17.22232798      13.90920343      12.61777568      11.90811835      16.35547408      13.90455903     
  0.02700000       4.92388263E+00   561.56372827     -6.13269132      0.09083846       4.95323848       18.96754893      17.82709733      18.52594960      19.71478411      15.42532671      14.06753258      17.66769575      14.11194274      12.86969168      12.05259710      16.73764518      14.10342112     
  0.02700000       6.23550734E+00   524.88515410     -6.25589766      0.09023102       4.95906622       19.42908811      18.32128533      19.04755544      20.46256366      15.72993063      14.18243213      18.07379227      14.30040111      13.10442905      12.18075348      17.08676378      14.28963884     
  0.02700000       7.89652287E+00   492.47162067     -6.37204986      0.08966810       4.96450210       19.91425377      18.85018554      19.56946458      21.20318404      16.01673627      14.31991463      18.45720100      14.48514725      13.32628191      12.29710399      17.42014150      14.47222213     
  0.02700000       1.00000000E+01   464.43253473     -6.47900797      0.08914179       4.96961529       20.41885407      19.39916613      20.08128102      21.96815588      16.29351916      14.48515245      18.85005501      14.65869709      13.54506111      12.41194460      17.76095618      14.64117002     
