# Mass             Age              Teff             Luminosity       Radius           Gravity          MKO_Y            MKO_J            MKO_H            MKO_K            MKO_Lp           MKO_Mp           W1               W2               W3               W4               IRAC_CH1         IRAC_CH2        
# M/Msun           Gyr              K                L/Lsun           R/Rsun           log(g[cm/s^2])  
  0.03700000       1.00000000E-03   2851.96410699    -1.84666752      0.48955769       3.62701109       0.00000000       0.00000000       0.00000000       0.00000000       0.00000000       0.00000000       0.00000000       0.00000000       0.00000000       0.00000000       0.00000000       0.00000000      
  0.03700000       1.26638017E-03   2849.66397363    -1.89332691      0.46470486       3.67226396       0.00000000       0.00000000       0.00000000       0.00000000       0.00000000       0.00000000       0.00000000       0.00000000       0.00000000       0.00000000       0.00000000       0.00000000      
  0.03700000       1.60371874E-03   2848.29480314    -1.91947351      0.45135627       3.69757761       0.00000000       0.00000000       0.00000000       0.00000000       0.00000000       0.00000000       0.00000000       0.00000000       0.00000000       0.00000000       0.00000000       0.00000000      
  0.03700000       2.03091762E-03   2847.61553405    -1.93205624      0.44507134       3.70975689       0.00000000       0.00000000       0.00000000       0.00000000       0.00000000       0.00000000       0.00000000       0.00000000       0.00000000       0.00000000       0.00000000       0.00000000      
  0.03700000       2.57191381E-03   2847.10116913    -1.94197844      0.44018049       3.71935490       0.00000000       0.00000000       0.00000000       0.00000000       0.00000000       0.00000000       0.00000000       0.00000000       0.00000000       0.00000000       0.00000000       0.00000000      
  0.03700000       3.25702066E-03   2846.41288541    -1.95562033      0.43353732       3.73256318       0.00000000       0.00000000       0.00000000       0.00000000       0.00000000       0.00000000       0.00000000       0.00000000       0.00000000       0.00000000       0.00000000       0.00000000      
  0.03700000       4.12462638E-03   2845.17906220    -1.97812842      0.42280762       3.75433086       0.00000000       0.00000000       0.00000000       0.00000000       0.00000000       0.00000000       0.00000000       0.00000000       0.00000000       0.00000000       0.00000000       0.00000000      
  0.03700000       5.22334507E-03   2842.61274819    -2.02333556      0.40208662       3.79797688       0.00000000       0.00000000       0.00000000       0.00000000       0.00000000       0.00000000       0.00000000       0.00000000       0.00000000       0.00000000       0.00000000       0.00000000      
  0.03700000       6.61474064E-03   2834.19097243    -2.14482363      0.35168978       3.91429649       0.00000000       0.00000000       0.00000000       0.00000000       0.00000000       0.00000000       0.00000000       0.00000000       0.00000000       0.00000000       0.00000000       0.00000000      
  0.03700000       8.37677640E-03   2816.45827739    -2.29758496      0.29869087       4.05617441       0.00000000       0.00000000       0.00000000       0.00000000       0.00000000       0.00000000       0.00000000       0.00000000       0.00000000       0.00000000       0.00000000       0.00000000      
  0.03700000       1.06081836E-02   2786.27926681    -2.43006149      0.26202305       4.16993918       0.00000000       0.00000000       0.00000000       0.00000000       0.00000000       0.00000000       0.00000000       0.00000000       0.00000000       0.00000000       0.00000000       0.00000000      
  0.03700000       1.34339933E-02   2762.17726720    -2.54093155      0.23467050       4.26570100       0.00000000       0.00000000       0.00000000       0.00000000       0.00000000       0.00000000       0.00000000       0.00000000       0.00000000       0.00000000       0.00000000       0.00000000      
  0.03700000       1.70125428E-02   2724.31568046    -2.65072863      0.21258925       4.35153599       0.00000000       0.00000000       0.00000000       0.00000000       0.00000000       0.00000000       0.00000000       0.00000000       0.00000000       0.00000000       0.00000000       0.00000000      
  0.03700000       2.15443469E-02   2686.53522627    -2.75252485      0.19443618       4.42906472       0.00000000       0.00000000       0.00000000       0.00000000       0.00000000       0.00000000       0.00000000       0.00000000       0.00000000       0.00000000       0.00000000       0.00000000      
  0.03700000       2.72833338E-02   2640.57186139    -2.85412811      0.17904209       4.50070831       0.00000000       0.00000000       0.00000000       0.00000000       0.00000000       0.00000000       0.00000000       0.00000000       0.00000000       0.00000000       0.00000000       0.00000000      
  0.03700000       3.45510729E-02   2583.79850257    -2.95823595      0.16588091       4.56702444       0.00000000       0.00000000       0.00000000       0.00000000       0.00000000       0.00000000       0.00000000       0.00000000       0.00000000       0.00000000       0.00000000       0.00000000      
  0.03700000       4.37547938E-02   2518.96828329    -3.06369505      0.15457451       4.62834166       0.00000000       0.00000000       0.00000000       0.00000000       0.00000000       0.00000000       0.00000000       0.00000000       0.00000000       0.00000000       0.00000000       0.00000000      
  0.03700000       5.54102033E-02   2446.32230234    -3.17157919      0.14474953       4.68538351       0.00000000       0.00000000       0.00000000       0.00000000       0.00000000       0.00000000       0.00000000       0.00000000       0.00000000       0.00000000       0.00000000       0.00000000      
  0.03700000       7.01703829E-02   2363.26998429    -3.28511182      0.13609331       4.73894398       0.00000000       0.00000000       0.00000000       0.00000000       0.00000000       0.00000000       0.00000000       0.00000000       0.00000000       0.00000000       0.00000000       0.00000000      
  0.03700000       8.88623816E-02   2266.28077073    -3.40669665      0.12865978       4.78773091       0.00000000       0.00000000       0.00000000       0.00000000       0.00000000       0.00000000       0.00000000       0.00000000       0.00000000       0.00000000       0.00000000       0.00000000      
  0.03700000       1.12533558E-01   2157.89634727    -3.53580505      0.12231106       4.83168595       0.00000000       0.00000000       0.00000000       0.00000000       0.00000000       0.00000000       0.00000000       0.00000000       0.00000000       0.00000000       0.00000000       0.00000000      
  0.03700000       1.42510267E-01   2048.47214785    -3.66538123      0.11691647       4.87086652       0.00000000       0.00000000       0.00000000       0.00000000       0.00000000       0.00000000       0.00000000       0.00000000       0.00000000       0.00000000       0.00000000       0.00000000      
  0.03700000       1.80472177E-01   1932.79466289    -3.80110290      0.11233160       4.90561317       0.00000000       0.00000000       0.00000000       0.00000000       0.00000000       0.00000000       0.00000000       0.00000000       0.00000000       0.00000000       0.00000000       0.00000000      
  0.03700000       2.28546386E-01   1818.43511666    -3.93820690      0.10837465       4.93676177       0.00000000       0.00000000       0.00000000       0.00000000       0.00000000       0.00000000       0.00000000       0.00000000       0.00000000       0.00000000       0.00000000       0.00000000      
  0.03700000       2.89426612E-01   1697.90930053    -4.08468971      0.10501479       4.96411512       14.04594696      12.57577955      11.96251299      11.87192295      10.70815328      11.39655641      11.56448807      11.06298745      10.12295016      10.04059033      11.15828831      10.99995463     
  0.03700000       3.66524124E-01   1588.31988604    -4.22452586      0.10216304       4.98802935       14.29829987      12.86265627      12.31820827      12.33997343      11.08477643      11.66776800      12.06939837      11.32425648      10.30254586      10.19284923      11.62586599      11.26658021     
  0.03700000       4.64158883E-01   1486.08807587    -4.36153065      0.09967213       5.00946912       14.50727068      13.11950225      12.70442522      12.81469119      11.46617378      11.92218863      12.54516809      11.57713365      10.47660412      10.33942634      12.08614447      11.52872485     
  0.03700000       5.87801607E-01   1397.31284523    -4.48822510      0.09743861       5.02915459       14.69365245      13.35159866      13.10395916      13.24420838      11.80094742      12.17344571      12.93751387      11.82123278      10.64119330      10.48253879      12.47642426      11.78157747     
  0.03700000       7.44380301E-01   1292.08705401    -4.64161858      0.09550674       5.04654857       14.93505625      13.62327991      13.62115361      13.73868957      12.18806104      12.44036903      13.39006813      12.08799044      10.82620181      10.64031654      12.92609877      12.06113415     
  0.03700000       9.42668455E-01   1219.37744149    -4.75819758      0.09376777       5.06250937       15.12439873      13.84549086      14.02585986      14.10615284      12.46700792      12.63596797      13.72250696      12.28496450      10.97491276      10.76881121      13.24708106      12.26613292     
  0.03700000       1.19377664E+00   1112.37062360    -4.93211688      0.09223148       5.07685793       15.45423022      14.22768982      14.59139001      14.64248228      12.83988990      12.89277393      14.18318075      12.54679001      11.18070078      10.94039574      13.67805315      12.53655026     
  0.03700000       1.51177507E+00   1033.39478821    -5.07220736      0.09094787       5.08903099       15.75503156      14.56663744      15.02404375      15.08333964      13.13480266      13.07518716      14.56503102      12.74299410      11.35413545      11.08176206      14.02406296      12.73691099     
  0.03700000       1.91448198E+00   962.71403066     -5.20641894      0.08978998       5.10016024       16.07464518      14.90834643      15.42340036      15.52747093      13.40967645      13.21787904      14.92502314      12.91542653      11.52703416      11.21717912      14.34703654      12.91119819     
  0.03700000       2.42446202E+00   889.25418739     -5.35453247      0.08873747       5.11040190       16.45862990      15.30798676      15.86104497      16.04415495      13.71457632      13.34944378      15.32422948      13.09277495      11.72359220      11.36580955      14.70477244      13.08916015     
  0.03700000       3.07029063E+00   822.70376094     -5.49880815      0.08780855       5.11954237       16.87102226      15.71984641      16.29551579      16.59824801      14.01026787      13.44795885      15.71792890      13.25577523      11.92814661      11.51267330      15.04892211      13.25064480     
  0.03700000       3.88815518E+00   765.13771990     -5.63294372      0.08699012       5.12767609       17.27547250      16.10999929      16.70263406      17.15721285      14.28325764      13.54431702      16.08885725      13.41333604      12.12916201      11.64944113      15.36847459      13.40617947     
  0.03700000       4.92388263E+00   713.33808434     -5.76213769      0.08624986       5.13509921       17.68061455      16.49732232      17.10634932      17.73427238      14.55163583      13.64116060      16.45598256      13.57218270      12.33289815      11.78232666      15.68341277      13.56267971     
  0.03700000       6.23550734E+00   669.56270791     -5.87898813      0.08557716       5.14190018       18.05699203      16.86416923      17.49026503      18.28087677      14.79576924      13.73759577      16.78667105      13.72422561      12.52364138      11.90222985      15.96788404      13.71235556     
  0.03700000       7.89652287E+00   631.00961135     -5.98832451      0.08495512       5.14823688       18.42723080      17.22510827      17.86717391      18.82136316      15.02445810      13.83261571      17.10002331      13.87162850      12.71187261      12.01602500      16.23633197      13.85717548     
  0.03700000       1.00000000E+01   597.24171389     -6.08984089      0.08437308       5.15420813       18.79496489      17.59118119      18.25488351      19.37934155      15.24935479      13.94578098      17.40815878      14.02178438      12.89687115      12.12451576      16.50033565      14.00485042     
