# Mass             Age              Teff             Luminosity       Radius           Gravity          NIRCAM-F150W     NIRCAM-F405N     NIRCAM-F323N     NIRCAM-F210M     NIRCAM-F150W2    NIRCAM-F212N     NIRCAM-F444W     NIRCAM-F322W2    NIRCAM-F356W     NIRCAM-F410M     NIRCAM-F187N     NIRCAM-F430M     NIRCAM-F277W     NIRCAM-F090W     NIRCAM-F070W     NIRCAM-F466N     NIRCAM-F300M     NIRCAM-F250M     NIRCAM-F470N     NIRCAM-F140M     NIRCAM-F115W     NIRCAM-F164N     NIRCAM-F335M     NIRCAM-F200W     NIRCAM-F460M     NIRCAM-F480M     NIRCAM-F182M     NIRCAM-F162M     NIRCAM-F360M    
# M/Msun           Gyr              K                L/Lsun           R/Rsun           log(g[cm/s^2])  
  0.06400000       1.00000000E-03   3008.29207772    -1.43638271      0.70566656       3.54739540       0.00000000       0.00000000       0.00000000       0.00000000       0.00000000       0.00000000       0.00000000       0.00000000       0.00000000       0.00000000       0.00000000       0.00000000       0.00000000       0.00000000       0.00000000       0.00000000       0.00000000       0.00000000       0.00000000       0.00000000       0.00000000       0.00000000       0.00000000       0.00000000       0.00000000       0.00000000       0.00000000       0.00000000       0.00000000      
  0.06400000       1.26638017E-03   3008.08427945    -1.44772738      0.69660288       3.55862405       0.00000000       0.00000000       0.00000000       0.00000000       0.00000000       0.00000000       0.00000000       0.00000000       0.00000000       0.00000000       0.00000000       0.00000000       0.00000000       0.00000000       0.00000000       0.00000000       0.00000000       0.00000000       0.00000000       0.00000000       0.00000000       0.00000000       0.00000000       0.00000000       0.00000000       0.00000000       0.00000000       0.00000000       0.00000000      
  0.06400000       1.60371874E-03   3007.94417419    -1.45908926      0.68761422       3.56990454       0.00000000       0.00000000       0.00000000       0.00000000       0.00000000       0.00000000       0.00000000       0.00000000       0.00000000       0.00000000       0.00000000       0.00000000       0.00000000       0.00000000       0.00000000       0.00000000       0.00000000       0.00000000       0.00000000       0.00000000       0.00000000       0.00000000       0.00000000       0.00000000       0.00000000       0.00000000       0.00000000       0.00000000       0.00000000      
  0.06400000       2.03091762E-03   3007.80723740    -1.47582259      0.67455048       3.58656529       0.00000000       0.00000000       0.00000000       0.00000000       0.00000000       0.00000000       0.00000000       0.00000000       0.00000000       0.00000000       0.00000000       0.00000000       0.00000000       0.00000000       0.00000000       0.00000000       0.00000000       0.00000000       0.00000000       0.00000000       0.00000000       0.00000000       0.00000000       0.00000000       0.00000000       0.00000000       0.00000000       0.00000000       0.00000000      
  0.06400000       2.57191381E-03   3007.94575524    -1.50537150      0.65193571       3.61618496       0.00000000       0.00000000       0.00000000       0.00000000       0.00000000       0.00000000       0.00000000       0.00000000       0.00000000       0.00000000       0.00000000       0.00000000       0.00000000       0.00000000       0.00000000       0.00000000       0.00000000       0.00000000       0.00000000       0.00000000       0.00000000       0.00000000       0.00000000       0.00000000       0.00000000       0.00000000       0.00000000       0.00000000       0.00000000      
  0.06400000       3.25702066E-03   3008.91555869    -1.57403368      0.60198368       3.68542491       0.00000000       0.00000000       0.00000000       0.00000000       0.00000000       0.00000000       0.00000000       0.00000000       0.00000000       0.00000000       0.00000000       0.00000000       0.00000000       0.00000000       0.00000000       0.00000000       0.00000000       0.00000000       0.00000000       0.00000000       0.00000000       0.00000000       0.00000000       0.00000000       0.00000000       0.00000000       0.00000000       0.00000000       0.00000000      
  0.06400000       4.12462638E-03   3010.73457067    -1.71743319      0.50974948       3.82988297       0.00000000       0.00000000       0.00000000       0.00000000       0.00000000       0.00000000       0.00000000       0.00000000       0.00000000       0.00000000       0.00000000       0.00000000       0.00000000       0.00000000       0.00000000       0.00000000       0.00000000       0.00000000       0.00000000       0.00000000       0.00000000       0.00000000       0.00000000       0.00000000       0.00000000       0.00000000       0.00000000       0.00000000       0.00000000      
  0.06400000       5.22334507E-03   3013.64895048    -1.84143542      0.44108755       3.95554562       0.00000000       0.00000000       0.00000000       0.00000000       0.00000000       0.00000000       0.00000000       0.00000000       0.00000000       0.00000000       0.00000000       0.00000000       0.00000000       0.00000000       0.00000000       0.00000000       0.00000000       0.00000000       0.00000000       0.00000000       0.00000000       0.00000000       0.00000000       0.00000000       0.00000000       0.00000000       0.00000000       0.00000000       0.00000000      
  0.06400000       6.61474064E-03   3009.42198352    -1.95065671      0.39006069       4.06233044       0.00000000       0.00000000       0.00000000       0.00000000       0.00000000       0.00000000       0.00000000       0.00000000       0.00000000       0.00000000       0.00000000       0.00000000       0.00000000       0.00000000       0.00000000       0.00000000       0.00000000       0.00000000       0.00000000       0.00000000       0.00000000       0.00000000       0.00000000       0.00000000       0.00000000       0.00000000       0.00000000       0.00000000       0.00000000      
  0.06400000       8.37677640E-03   3000.49815181    -2.05032871      0.34984580       4.15684338       0.00000000       0.00000000       0.00000000       0.00000000       0.00000000       0.00000000       0.00000000       0.00000000       0.00000000       0.00000000       0.00000000       0.00000000       0.00000000       0.00000000       0.00000000       0.00000000       0.00000000       0.00000000       0.00000000       0.00000000       0.00000000       0.00000000       0.00000000       0.00000000       0.00000000       0.00000000       0.00000000       0.00000000       0.00000000      
  0.06400000       1.06081836E-02   2991.74986616    -2.14207739      0.31661670       4.24352744       0.00000000       0.00000000       0.00000000       0.00000000       0.00000000       0.00000000       0.00000000       0.00000000       0.00000000       0.00000000       0.00000000       0.00000000       0.00000000       0.00000000       0.00000000       0.00000000       0.00000000       0.00000000       0.00000000       0.00000000       0.00000000       0.00000000       0.00000000       0.00000000       0.00000000       0.00000000       0.00000000       0.00000000       0.00000000      
  0.06400000       1.34339933E-02   2982.32500448    -2.22883637      0.28833294       4.32480871       0.00000000       0.00000000       0.00000000       0.00000000       0.00000000       0.00000000       0.00000000       0.00000000       0.00000000       0.00000000       0.00000000       0.00000000       0.00000000       0.00000000       0.00000000       0.00000000       0.00000000       0.00000000       0.00000000       0.00000000       0.00000000       0.00000000       0.00000000       0.00000000       0.00000000       0.00000000       0.00000000       0.00000000       0.00000000      
  0.06400000       1.70125428E-02   2972.49679399    -2.31176811      0.26381142       4.40200808       0.00000000       0.00000000       0.00000000       0.00000000       0.00000000       0.00000000       0.00000000       0.00000000       0.00000000       0.00000000       0.00000000       0.00000000       0.00000000       0.00000000       0.00000000       0.00000000       0.00000000       0.00000000       0.00000000       0.00000000       0.00000000       0.00000000       0.00000000       0.00000000       0.00000000       0.00000000       0.00000000       0.00000000       0.00000000      
  0.06400000       2.15443469E-02   2959.89779712    -2.39357763      0.24214469       4.47644670       0.00000000       0.00000000       0.00000000       0.00000000       0.00000000       0.00000000       0.00000000       0.00000000       0.00000000       0.00000000       0.00000000       0.00000000       0.00000000       0.00000000       0.00000000       0.00000000       0.00000000       0.00000000       0.00000000       0.00000000       0.00000000       0.00000000       0.00000000       0.00000000       0.00000000       0.00000000       0.00000000       0.00000000       0.00000000      
  0.06400000       2.72833338E-02   2939.31320549    -2.47768117      0.22289062       4.54841318       0.00000000       0.00000000       0.00000000       0.00000000       0.00000000       0.00000000       0.00000000       0.00000000       0.00000000       0.00000000       0.00000000       0.00000000       0.00000000       0.00000000       0.00000000       0.00000000       0.00000000       0.00000000       0.00000000       0.00000000       0.00000000       0.00000000       0.00000000       0.00000000       0.00000000       0.00000000       0.00000000       0.00000000       0.00000000      
  0.06400000       3.45510729E-02   2923.67466591    -2.55608812      0.20583771       4.61754503       0.00000000       0.00000000       0.00000000       0.00000000       0.00000000       0.00000000       0.00000000       0.00000000       0.00000000       0.00000000       0.00000000       0.00000000       0.00000000       0.00000000       0.00000000       0.00000000       0.00000000       0.00000000       0.00000000       0.00000000       0.00000000       0.00000000       0.00000000       0.00000000       0.00000000       0.00000000       0.00000000       0.00000000       0.00000000      
  0.06400000       4.37547938E-02   2898.67206782    -2.63867505      0.19041316       4.68520033       0.00000000       0.00000000       0.00000000       0.00000000       0.00000000       0.00000000       0.00000000       0.00000000       0.00000000       0.00000000       0.00000000       0.00000000       0.00000000       0.00000000       0.00000000       0.00000000       0.00000000       0.00000000       0.00000000       0.00000000       0.00000000       0.00000000       0.00000000       0.00000000       0.00000000       0.00000000       0.00000000       0.00000000       0.00000000      
  0.06400000       5.54102033E-02   2865.69283157    -2.72392906      0.17660410       4.75059508       0.00000000       0.00000000       0.00000000       0.00000000       0.00000000       0.00000000       0.00000000       0.00000000       0.00000000       0.00000000       0.00000000       0.00000000       0.00000000       0.00000000       0.00000000       0.00000000       0.00000000       0.00000000       0.00000000       0.00000000       0.00000000       0.00000000       0.00000000       0.00000000       0.00000000       0.00000000       0.00000000       0.00000000       0.00000000      
  0.06400000       7.01703829E-02   2832.49726576    -2.80751565      0.16418522       4.81392824       0.00000000       0.00000000       0.00000000       0.00000000       0.00000000       0.00000000       0.00000000       0.00000000       0.00000000       0.00000000       0.00000000       0.00000000       0.00000000       0.00000000       0.00000000       0.00000000       0.00000000       0.00000000       0.00000000       0.00000000       0.00000000       0.00000000       0.00000000       0.00000000       0.00000000       0.00000000       0.00000000       0.00000000       0.00000000      
  0.06400000       8.88623816E-02   2791.38241938    -2.89437098      0.15296768       4.87539561       0.00000000       0.00000000       0.00000000       0.00000000       0.00000000       0.00000000       0.00000000       0.00000000       0.00000000       0.00000000       0.00000000       0.00000000       0.00000000       0.00000000       0.00000000       0.00000000       0.00000000       0.00000000       0.00000000       0.00000000       0.00000000       0.00000000       0.00000000       0.00000000       0.00000000       0.00000000       0.00000000       0.00000000       0.00000000      
  0.06400000       1.12533558E-01   2741.21860923    -2.98525225      0.14286222       4.93475952       0.00000000       0.00000000       0.00000000       0.00000000       0.00000000       0.00000000       0.00000000       0.00000000       0.00000000       0.00000000       0.00000000       0.00000000       0.00000000       0.00000000       0.00000000       0.00000000       0.00000000       0.00000000       0.00000000       0.00000000       0.00000000       0.00000000       0.00000000       0.00000000       0.00000000       0.00000000       0.00000000       0.00000000       0.00000000      
  0.06400000       1.42510267E-01   2684.07963177    -3.07870681      0.13380719       4.99163531       0.00000000       0.00000000       0.00000000       0.00000000       0.00000000       0.00000000       0.00000000       0.00000000       0.00000000       0.00000000       0.00000000       0.00000000       0.00000000       0.00000000       0.00000000       0.00000000       0.00000000       0.00000000       0.00000000       0.00000000       0.00000000       0.00000000       0.00000000       0.00000000       0.00000000       0.00000000       0.00000000       0.00000000       0.00000000      
  0.06400000       1.80472177E-01   2615.38783823    -3.17776773      0.12573762       5.04566375       0.00000000       0.00000000       0.00000000       0.00000000       0.00000000       0.00000000       0.00000000       0.00000000       0.00000000       0.00000000       0.00000000       0.00000000       0.00000000       0.00000000       0.00000000       0.00000000       0.00000000       0.00000000       0.00000000       0.00000000       0.00000000       0.00000000       0.00000000       0.00000000       0.00000000       0.00000000       0.00000000       0.00000000       0.00000000      
  0.06400000       2.28546386E-01   2535.58819000    -3.28250477      0.11857987       5.09657228       0.00000000       0.00000000       0.00000000       0.00000000       0.00000000       0.00000000       0.00000000       0.00000000       0.00000000       0.00000000       0.00000000       0.00000000       0.00000000       0.00000000       0.00000000       0.00000000       0.00000000       0.00000000       0.00000000       0.00000000       0.00000000       0.00000000       0.00000000       0.00000000       0.00000000       0.00000000       0.00000000       0.00000000       0.00000000      
  0.06400000       2.89426612E-01   2448.60316857    -3.38998118      0.11235710       5.14339361       0.00000000       0.00000000       0.00000000       0.00000000       0.00000000       0.00000000       0.00000000       0.00000000       0.00000000       0.00000000       0.00000000       0.00000000       0.00000000       0.00000000       0.00000000       0.00000000       0.00000000       0.00000000       0.00000000       0.00000000       0.00000000       0.00000000       0.00000000       0.00000000       0.00000000       0.00000000       0.00000000       0.00000000       0.00000000      
  0.06400000       3.66524124E-01   2347.03884519    -3.50625920      0.10696748       5.18609113       0.00000000       0.00000000       0.00000000       0.00000000       0.00000000       0.00000000       0.00000000       0.00000000       0.00000000       0.00000000       0.00000000       0.00000000       0.00000000       0.00000000       0.00000000       0.00000000       0.00000000       0.00000000       0.00000000       0.00000000       0.00000000       0.00000000       0.00000000       0.00000000       0.00000000       0.00000000       0.00000000       0.00000000       0.00000000      
  0.06400000       4.64158883E-01   2237.98310786    -3.62700080      0.10237764       5.22418501       0.00000000       0.00000000       0.00000000       0.00000000       0.00000000       0.00000000       0.00000000       0.00000000       0.00000000       0.00000000       0.00000000       0.00000000       0.00000000       0.00000000       0.00000000       0.00000000       0.00000000       0.00000000       0.00000000       0.00000000       0.00000000       0.00000000       0.00000000       0.00000000       0.00000000       0.00000000       0.00000000       0.00000000       0.00000000      
  0.06400000       5.87801607E-01   2131.76127035    -3.74565110      0.09842943       5.25834596       0.00000000       0.00000000       0.00000000       0.00000000       0.00000000       0.00000000       0.00000000       0.00000000       0.00000000       0.00000000       0.00000000       0.00000000       0.00000000       0.00000000       0.00000000       0.00000000       0.00000000       0.00000000       0.00000000       0.00000000       0.00000000       0.00000000       0.00000000       0.00000000       0.00000000       0.00000000       0.00000000       0.00000000       0.00000000      
  0.06400000       7.44380301E-01   2017.59866129    -3.87198714      0.09500631       5.28908976       0.00000000       0.00000000       0.00000000       0.00000000       0.00000000       0.00000000       0.00000000       0.00000000       0.00000000       0.00000000       0.00000000       0.00000000       0.00000000       0.00000000       0.00000000       0.00000000       0.00000000       0.00000000       0.00000000       0.00000000       0.00000000       0.00000000       0.00000000       0.00000000       0.00000000       0.00000000       0.00000000       0.00000000       0.00000000      
  0.06400000       9.42668455E-01   1901.88445188    -4.00171166      0.09208679       5.31619997       0.00000000       0.00000000       0.00000000       0.00000000       0.00000000       0.00000000       0.00000000       0.00000000       0.00000000       0.00000000       0.00000000       0.00000000       0.00000000       0.00000000       0.00000000       0.00000000       0.00000000       0.00000000       0.00000000       0.00000000       0.00000000       0.00000000       0.00000000       0.00000000       0.00000000       0.00000000       0.00000000       0.00000000       0.00000000      
  0.06400000       1.19377664E+00   1783.47644720    -4.13709016      0.08960832       5.33989802       12.57776918      10.56260290      12.18226537      12.05117889      12.66559990      11.87495518      11.00410006      11.78918340      11.29947516      10.65565222      12.93813091      11.02934174      12.44291784      15.10990442      19.54131415      11.48372756      12.21128266      12.56945892      11.50900569      13.41337775      13.24630812      11.72023110      12.04273121      12.38102674      11.61154853      11.48587681      12.62531859      11.87428602      11.18652685     
  0.06400000       1.51177507E+00   1675.42015620    -4.26677157      0.08745768       5.36099843       12.90775499      10.78867574      12.77740275      12.39567659      13.00133924      12.21112052      11.24020339      12.17106340      11.70601000      10.89651206      13.33119762      11.27262043      12.79707069      15.45822011      20.34288793      11.70878586      12.55205757      12.95936076      11.74030347      13.82461035      13.51999665      12.05632076      12.62847215      12.74940702      11.84839691      11.71118083      13.00491979      12.19553406      11.63869774     
  0.06400000       1.91448198E+00   1570.05012730    -4.39847024      0.08557814       5.37986870       13.26973444      11.03374634      13.32083110      12.75979874      13.35257635      12.56692240      11.49284250      12.56212858      12.11416099      11.16247005      13.75658871      11.52920525      13.17657321      15.80825509      21.14716953      11.93294121      12.90244386      13.38645990      11.97264109      14.27046688      13.77612523      12.44794730      13.15250573      13.14274457      12.08564506      11.93654343      13.41882245      12.55914942      12.09504668     
  0.06400000       2.42446202E+00   1476.70913417    -4.52201210      0.08391154       5.39695088       13.64524075      11.27530793      13.78564087      13.10936551      13.69055970      12.90891442      11.73819748      12.92496895      12.48067180      11.42606487      14.18812737      11.77412697      13.55011953      16.15064160      21.85574396      12.14151037      13.23606900      13.81033408      12.19092848      14.73249984      13.99891967      12.87374672      13.59254565      13.52677363      12.30769759      12.14733875      13.84060983      12.94255150      12.48706525     
  0.06400000       3.07029063E+00   1386.13938079    -4.64801061      0.08237764       5.41297556       14.06600871      11.52868374      14.26323417      13.47184179      14.04869827      13.26291782      11.98225915      13.29501685      12.84517809      11.69712861      14.65950616      12.00861694      13.94894693      16.53156834      22.56688406      12.33376165      13.58711347      14.26440254      12.39407488      15.25475318      14.23441526      13.36773666      14.04101635      13.93111771      12.51294871      12.34445847      14.30267135      13.37395728      12.86388211     
  0.06400000       3.88815518E+00   1285.72185763    -4.79310742      0.08101820       5.42742907       14.53554874      11.80009922      14.77547461      13.86705980      14.44409248      13.65044851      12.23205608      13.68260441      13.21664980      11.97931479      15.18923357      12.24271786      14.38929333      16.98413948      23.32276836      12.52344336      13.96925377      14.76966968      12.59684011      15.81051604      14.51672195      13.94414976      14.52021863      14.37346341      12.71620969      12.54116202      14.82254109      13.86280505      13.24233391     
  0.06400000       4.92388263E+00   1208.88178112    -4.91293266      0.07983406       5.44021780       14.93344522      12.02341756      15.19341020      14.22037792      14.78530779      14.00007209      12.42675423      14.00007986      13.51089245      12.20301729      15.66630023      12.41774091      14.77723447      17.37902557      23.98878571      12.66853217      14.30271628      15.21339031      12.75291462      16.30462828      14.77699544      14.43653449      14.92355393      14.76499201      12.86923615      12.69477676      15.28114216      14.26902597      13.54404826     
  0.06400000       6.23550734E+00   1142.98595813    -5.02251482      0.07872103       5.45241262       15.27050372      12.21410565      15.56306300      14.54220978      15.09334964      14.32192010      12.57998250      14.26666198      13.75462438      12.38681185      16.09260845      12.55276719      15.11803876      17.73075581      24.55120487      12.77056592      14.59442074      15.60262264      12.86384219      16.73593808      15.03432962      14.84242478      15.26299560      15.11641636      12.97175814      12.80814965      15.68740596      14.60847162      13.79700508     
  0.06400000       7.89652287E+00   1079.51262662    -5.13394102      0.07762337       5.46460922       15.60284169      12.40781574      15.96457772      14.87575252      15.41027455      14.65677642      12.73673069      14.53850411      14.00351485      12.57417231      16.53463210      12.69057445      15.47008062      18.09155920      25.07375755      12.87631139      14.89686844      16.00796702      12.97930967      17.17120507      15.30873436      15.25707297      15.62072337      15.47889685      13.07862990      12.92517937      16.10832832      14.94276888      14.05663935     
  0.06400000       1.00000000E+01   1016.61705100    -5.25036172      0.07654599       5.47674930       15.94522911      12.61021534      16.40303957      15.26176797      15.75220245      15.04548483      12.89094471      14.82084323      14.25981476      12.76564729      17.03047386      12.83074296      15.85592480      18.48380525      25.57877716      12.96920664      15.23001754      16.45136579      13.08138290      17.62864905      15.60968228      15.69022868      16.01025595      15.89087176      13.16378114      13.03498222      16.57127881      15.28449260      14.32336322     
