# Mass             Age              Teff             Luminosity       Radius           Gravity          NIRCAM-F460M     NIRCAM-F480M     NIRCAM-F322W2    NIRCAM-F356W     NIRCAM-F410M     NIRCAM-F300M     NIRCAM-F250M     NIRCAM-F335M     NIRCAM-F430M     NIRCAM-F444W     NIRCAM-F360M    
# M/Msun           Gyr              K                L/Lsun           R/Rsun           log(g[cm/s^2])  
  0.07000000       1.00000000E-03   3040.69195562    -1.36049524      0.75376892       3.52903638       0.00000000       0.00000000       0.00000000       0.00000000       0.00000000       0.00000000       0.00000000       0.00000000       0.00000000       0.00000000       0.00000000      
  0.07000000       1.26638017E-03   3040.26926066    -1.37119898      0.74474938       3.53949227       0.00000000       0.00000000       0.00000000       0.00000000       0.00000000       0.00000000       0.00000000       0.00000000       0.00000000       0.00000000       0.00000000      
  0.07000000       1.60371874E-03   3039.76492857    -1.38434925      0.73378508       3.55237489       0.00000000       0.00000000       0.00000000       0.00000000       0.00000000       0.00000000       0.00000000       0.00000000       0.00000000       0.00000000       0.00000000      
  0.07000000       2.03091762E-03   3039.13505527    -1.40526017      0.71662965       3.57292299       0.00000000       0.00000000       0.00000000       0.00000000       0.00000000       0.00000000       0.00000000       0.00000000       0.00000000       0.00000000       0.00000000      
  0.07000000       2.57191381E-03   3038.36538737    -1.44568742      0.68439090       3.61290403       0.00000000       0.00000000       0.00000000       0.00000000       0.00000000       0.00000000       0.00000000       0.00000000       0.00000000       0.00000000       0.00000000      
  0.07000000       3.25702066E-03   3039.34499854    -1.54944213      0.60693741       3.71722447       0.00000000       0.00000000       0.00000000       0.00000000       0.00000000       0.00000000       0.00000000       0.00000000       0.00000000       0.00000000       0.00000000      
  0.07000000       4.12462638E-03   3043.29345388    -1.68849513      0.51581962       3.85851925       0.00000000       0.00000000       0.00000000       0.00000000       0.00000000       0.00000000       0.00000000       0.00000000       0.00000000       0.00000000       0.00000000      
  0.07000000       5.22334507E-03   3047.62086922    -1.80232127      0.45117228       3.97483060       0.00000000       0.00000000       0.00000000       0.00000000       0.00000000       0.00000000       0.00000000       0.00000000       0.00000000       0.00000000       0.00000000      
  0.07000000       6.61474064E-03   3040.99351061    -1.90737796      0.40151219       4.07611685       0.00000000       0.00000000       0.00000000       0.00000000       0.00000000       0.00000000       0.00000000       0.00000000       0.00000000       0.00000000       0.00000000      
  0.07000000       8.37677640E-03   3031.43620344    -2.00373714      0.36162233       4.16700421       0.00000000       0.00000000       0.00000000       0.00000000       0.00000000       0.00000000       0.00000000       0.00000000       0.00000000       0.00000000       0.00000000      
  0.07000000       1.06081836E-02   3023.36056512    -2.09253629      0.32823086       4.25115516       0.00000000       0.00000000       0.00000000       0.00000000       0.00000000       0.00000000       0.00000000       0.00000000       0.00000000       0.00000000       0.00000000      
  0.07000000       1.34339933E-02   3015.03002772    -2.17694438      0.29948124       4.33077331       0.00000000       0.00000000       0.00000000       0.00000000       0.00000000       0.00000000       0.00000000       0.00000000       0.00000000       0.00000000       0.00000000      
  0.07000000       1.70125428E-02   3006.91278778    -2.25787019      0.27431699       4.40700985       0.00000000       0.00000000       0.00000000       0.00000000       0.00000000       0.00000000       0.00000000       0.00000000       0.00000000       0.00000000       0.00000000      
  0.07000000       2.15443469E-02   2998.48519611    -2.33638072      0.25201905       4.48064817       0.00000000       0.00000000       0.00000000       0.00000000       0.00000000       0.00000000       0.00000000       0.00000000       0.00000000       0.00000000       0.00000000      
  0.07000000       2.72833338E-02   2981.58840272    -2.41800566      0.23201818       4.55246889       0.00000000       0.00000000       0.00000000       0.00000000       0.00000000       0.00000000       0.00000000       0.00000000       0.00000000       0.00000000       0.00000000      
  0.07000000       3.45510729E-02   2961.23479776    -2.49938638      0.21418675       4.62193011       0.00000000       0.00000000       0.00000000       0.00000000       0.00000000       0.00000000       0.00000000       0.00000000       0.00000000       0.00000000       0.00000000      
  0.07000000       4.37547938E-02   2945.61253753    -2.57602408      0.19818166       4.68938722       0.00000000       0.00000000       0.00000000       0.00000000       0.00000000       0.00000000       0.00000000       0.00000000       0.00000000       0.00000000       0.00000000      
  0.07000000       5.54102033E-02   2919.16910628    -2.65797307      0.18362251       4.75566312       0.00000000       0.00000000       0.00000000       0.00000000       0.00000000       0.00000000       0.00000000       0.00000000       0.00000000       0.00000000       0.00000000      
  0.07000000       7.01703829E-02   2889.11548152    -2.74039374      0.17048648       4.82013304       0.00000000       0.00000000       0.00000000       0.00000000       0.00000000       0.00000000       0.00000000       0.00000000       0.00000000       0.00000000       0.00000000      
  0.07000000       8.88623816E-02   2855.10617703    -2.82385224      0.15858105       4.88300973       0.00000000       0.00000000       0.00000000       0.00000000       0.00000000       0.00000000       0.00000000       0.00000000       0.00000000       0.00000000       0.00000000      
  0.07000000       1.12533558E-01   2812.99250379    -2.91064853      0.14783037       4.94398492       0.00000000       0.00000000       0.00000000       0.00000000       0.00000000       0.00000000       0.00000000       0.00000000       0.00000000       0.00000000       0.00000000      
  0.07000000       1.42510267E-01   2762.85429069    -3.00045019      0.13819141       5.00255018       0.00000000       0.00000000       0.00000000       0.00000000       0.00000000       0.00000000       0.00000000       0.00000000       0.00000000       0.00000000       0.00000000      
  0.07000000       1.80472177E-01   2706.09573436    -3.09202707      0.12963534       5.05806716       0.00000000       0.00000000       0.00000000       0.00000000       0.00000000       0.00000000       0.00000000       0.00000000       0.00000000       0.00000000       0.00000000      
  0.07000000       2.28546386E-01   2637.85573575    -3.18870655      0.12205938       5.11037184       0.00000000       0.00000000       0.00000000       0.00000000       0.00000000       0.00000000       0.00000000       0.00000000       0.00000000       0.00000000       0.00000000      
  0.07000000       2.89426612E-01   2560.28760149    -3.28928861      0.11539925       5.15910827       0.00000000       0.00000000       0.00000000       0.00000000       0.00000000       0.00000000       0.00000000       0.00000000       0.00000000       0.00000000       0.00000000      
  0.07000000       3.66524124E-01   2476.17429104    -3.39187522      0.10962803       5.20367020       0.00000000       0.00000000       0.00000000       0.00000000       0.00000000       0.00000000       0.00000000       0.00000000       0.00000000       0.00000000       0.00000000      
  0.07000000       4.64158883E-01   2382.92934025    -3.49878178      0.10466767       5.24388879       0.00000000       0.00000000       0.00000000       0.00000000       0.00000000       0.00000000       0.00000000       0.00000000       0.00000000       0.00000000       0.00000000      
  0.07000000       5.87801607E-01   2282.43409493    -3.60897945      0.10049346       5.27923846       0.00000000       0.00000000       0.00000000       0.00000000       0.00000000       0.00000000       0.00000000       0.00000000       0.00000000       0.00000000       0.00000000      
  0.07000000       7.44380301E-01   2185.48383688    -3.71546102      0.09696207       5.31030965       0.00000000       0.00000000       0.00000000       0.00000000       0.00000000       0.00000000       0.00000000       0.00000000       0.00000000       0.00000000       0.00000000      
  0.07000000       9.42668455E-01   2091.85756961    -3.81909377      0.09393321       5.33787531       0.00000000       0.00000000       0.00000000       0.00000000       0.00000000       0.00000000       0.00000000       0.00000000       0.00000000       0.00000000       0.00000000      
  0.07000000       1.19377664E+00   1992.98188758    -3.92741502      0.09134992       5.36209687       0.00000000       0.00000000       0.00000000       0.00000000       0.00000000       0.00000000       0.00000000       0.00000000       0.00000000       0.00000000       0.00000000      
  0.07000000       1.51177507E+00   1899.06192662    -4.03250630      0.08914467       5.38332192       0.00000000       0.00000000       0.00000000       0.00000000       0.00000000       0.00000000       0.00000000       0.00000000       0.00000000       0.00000000       0.00000000      
  0.07000000       1.91448198E+00   1801.39689903    -4.14265271      0.08727279       5.40175472       0.00000000       0.00000000       0.00000000       0.00000000       0.00000000       0.00000000       0.00000000       0.00000000       0.00000000       0.00000000       0.00000000      
  0.07000000       2.42446202E+00   1717.83103635    -4.24140936      0.08565625       5.41799429       11.89975900      11.76244254      12.02167827      11.50952664      10.85802395      12.48349206      12.90031823      12.28411720      11.26453696      11.21174460      11.40991664     
  0.07000000       3.07029063E+00   1636.37753561    -4.34038904      0.08422827       5.43259653       12.09917824      11.95104811      12.31729893      11.82316839      11.04312265      12.74279146      13.20189430      12.73797629      11.44907202      11.39654646      11.75686171     
  0.07000000       3.88815518E+00   1561.76400165    -4.43467849      0.08295681       5.44580819       12.28038058      12.12247203      12.59862606      12.11482071      11.23216322      12.99780153      13.50985836      13.12295843      11.62847990      11.57883171      12.07891842     
  0.07000000       4.92388263E+00   1491.47036248    -4.52717935      0.08177350       5.45828715       12.46148691      12.29273287      12.87399708      12.39793971      11.42487967      13.24727137      13.82070668      13.48597504      11.80686134      11.76307602      12.38653425     
  0.07000000       6.23550734E+00   1422.31108099    -4.62196246      0.08062275       5.47059709       12.64641225      12.46604906      13.15670797      12.68049081      11.62914160      13.51398096      14.15926705      13.84653389      11.99159864      11.95598211      12.68401921     
  0.07000000       7.89652287E+00   1343.28157841    -4.73301456      0.07954048       5.48233582       12.83367937      12.64212603      13.45958641      12.97536807      11.84918437      13.81104048      14.54244253      14.23023318      12.18317895      12.16020009      12.98861510     
  0.07000000       1.00000000E+01   1269.98487380    -4.84109981      0.07857261       5.49296988       13.01568673      12.81179394      13.74713443      13.25214623      12.05866210      14.09965394      14.92223861      14.59993242      12.36510035      12.35502467      13.27441837     
