# Mass             Age              Teff             Luminosity       Radius           Gravity          NIRCAM-F480M     NIRCAM-F187N     NIRCAM-F356W     NIRCAM-F150W2    NIRCAM-F210M     NIRCAM-F470N     NIRCAM-F150W     NIRCAM-F405N     NIRCAM-F335M     NIRCAM-F140M     NIRCAM-F182M     NIRCAM-F070W     NIRCAM-F200W     NIRCAM-F360M     NIRCAM-F460M     NIRCAM-F466N     NIRCAM-F323N     NIRCAM-F430M     NIRCAM-F212N     NIRCAM-F410M     NIRCAM-F300M     NIRCAM-F444W     NIRCAM-F250M     NIRCAM-F277W     NIRCAM-F162M     NIRCAM-F090W     NIRCAM-F164N     NIRCAM-F322W2    NIRCAM-F115W    
# M/Msun           Gyr              K                L/Lsun           R/Rsun           log(g[cm/s^2])  
  0.06300000       1.00000000E-03   3003.03227644    -1.44943628      0.69756065       3.55059139       0.00000000       0.00000000       0.00000000       0.00000000       0.00000000       0.00000000       0.00000000       0.00000000       0.00000000       0.00000000       0.00000000       0.00000000       0.00000000       0.00000000       0.00000000       0.00000000       0.00000000       0.00000000       0.00000000       0.00000000       0.00000000       0.00000000       0.00000000       0.00000000       0.00000000       0.00000000       0.00000000       0.00000000       0.00000000      
  0.06300000       1.26638017E-03   3002.89398488    -1.46108993      0.68833977       3.56214964       0.00000000       0.00000000       0.00000000       0.00000000       0.00000000       0.00000000       0.00000000       0.00000000       0.00000000       0.00000000       0.00000000       0.00000000       0.00000000       0.00000000       0.00000000       0.00000000       0.00000000       0.00000000       0.00000000       0.00000000       0.00000000       0.00000000       0.00000000       0.00000000       0.00000000       0.00000000       0.00000000       0.00000000       0.00000000      
  0.06300000       1.60371874E-03   3002.79681971    -1.47222113      0.67961820       3.57322519       0.00000000       0.00000000       0.00000000       0.00000000       0.00000000       0.00000000       0.00000000       0.00000000       0.00000000       0.00000000       0.00000000       0.00000000       0.00000000       0.00000000       0.00000000       0.00000000       0.00000000       0.00000000       0.00000000       0.00000000       0.00000000       0.00000000       0.00000000       0.00000000       0.00000000       0.00000000       0.00000000       0.00000000       0.00000000      
  0.06300000       2.03091762E-03   3002.75569969    -1.48836058      0.66712399       3.58934168       0.00000000       0.00000000       0.00000000       0.00000000       0.00000000       0.00000000       0.00000000       0.00000000       0.00000000       0.00000000       0.00000000       0.00000000       0.00000000       0.00000000       0.00000000       0.00000000       0.00000000       0.00000000       0.00000000       0.00000000       0.00000000       0.00000000       0.00000000       0.00000000       0.00000000       0.00000000       0.00000000       0.00000000       0.00000000      
  0.06300000       2.57191381E-03   3002.96312987    -1.51651458      0.64576108       3.61761136       0.00000000       0.00000000       0.00000000       0.00000000       0.00000000       0.00000000       0.00000000       0.00000000       0.00000000       0.00000000       0.00000000       0.00000000       0.00000000       0.00000000       0.00000000       0.00000000       0.00000000       0.00000000       0.00000000       0.00000000       0.00000000       0.00000000       0.00000000       0.00000000       0.00000000       0.00000000       0.00000000       0.00000000       0.00000000      
  0.06300000       3.25702066E-03   3003.86215957    -1.58049175      0.59953827       3.68212103       0.00000000       0.00000000       0.00000000       0.00000000       0.00000000       0.00000000       0.00000000       0.00000000       0.00000000       0.00000000       0.00000000       0.00000000       0.00000000       0.00000000       0.00000000       0.00000000       0.00000000       0.00000000       0.00000000       0.00000000       0.00000000       0.00000000       0.00000000       0.00000000       0.00000000       0.00000000       0.00000000       0.00000000       0.00000000      
  0.06300000       4.12462638E-03   3005.25857366    -1.72213968      0.50884847       3.82457974       0.00000000       0.00000000       0.00000000       0.00000000       0.00000000       0.00000000       0.00000000       0.00000000       0.00000000       0.00000000       0.00000000       0.00000000       0.00000000       0.00000000       0.00000000       0.00000000       0.00000000       0.00000000       0.00000000       0.00000000       0.00000000       0.00000000       0.00000000       0.00000000       0.00000000       0.00000000       0.00000000       0.00000000       0.00000000      
  0.06300000       5.22334507E-03   3007.93346271    -1.84806765      0.43939710       3.95204346       0.00000000       0.00000000       0.00000000       0.00000000       0.00000000       0.00000000       0.00000000       0.00000000       0.00000000       0.00000000       0.00000000       0.00000000       0.00000000       0.00000000       0.00000000       0.00000000       0.00000000       0.00000000       0.00000000       0.00000000       0.00000000       0.00000000       0.00000000       0.00000000       0.00000000       0.00000000       0.00000000       0.00000000       0.00000000      
  0.06300000       6.61474064E-03   3003.96882767    -1.95817552      0.38810684       4.05985531       0.00000000       0.00000000       0.00000000       0.00000000       0.00000000       0.00000000       0.00000000       0.00000000       0.00000000       0.00000000       0.00000000       0.00000000       0.00000000       0.00000000       0.00000000       0.00000000       0.00000000       0.00000000       0.00000000       0.00000000       0.00000000       0.00000000       0.00000000       0.00000000       0.00000000       0.00000000       0.00000000       0.00000000       0.00000000      
  0.06300000       8.37677640E-03   2995.03443190    -2.05853141      0.34781723       4.15505297       0.00000000       0.00000000       0.00000000       0.00000000       0.00000000       0.00000000       0.00000000       0.00000000       0.00000000       0.00000000       0.00000000       0.00000000       0.00000000       0.00000000       0.00000000       0.00000000       0.00000000       0.00000000       0.00000000       0.00000000       0.00000000       0.00000000       0.00000000       0.00000000       0.00000000       0.00000000       0.00000000       0.00000000       0.00000000      
  0.06300000       1.06081836E-02   2986.02363264    -2.15088208      0.31462774       4.24216331       0.00000000       0.00000000       0.00000000       0.00000000       0.00000000       0.00000000       0.00000000       0.00000000       0.00000000       0.00000000       0.00000000       0.00000000       0.00000000       0.00000000       0.00000000       0.00000000       0.00000000       0.00000000       0.00000000       0.00000000       0.00000000       0.00000000       0.00000000       0.00000000       0.00000000       0.00000000       0.00000000       0.00000000       0.00000000      
  0.06300000       1.34339933E-02   2976.41990976    -2.23804192      0.28642986       4.32372070       0.00000000       0.00000000       0.00000000       0.00000000       0.00000000       0.00000000       0.00000000       0.00000000       0.00000000       0.00000000       0.00000000       0.00000000       0.00000000       0.00000000       0.00000000       0.00000000       0.00000000       0.00000000       0.00000000       0.00000000       0.00000000       0.00000000       0.00000000       0.00000000       0.00000000       0.00000000       0.00000000       0.00000000       0.00000000      
  0.06300000       1.70125428E-02   2966.34641347    -2.32128608      0.26202097       4.40108293       0.00000000       0.00000000       0.00000000       0.00000000       0.00000000       0.00000000       0.00000000       0.00000000       0.00000000       0.00000000       0.00000000       0.00000000       0.00000000       0.00000000       0.00000000       0.00000000       0.00000000       0.00000000       0.00000000       0.00000000       0.00000000       0.00000000       0.00000000       0.00000000       0.00000000       0.00000000       0.00000000       0.00000000       0.00000000      
  0.06300000       2.15443469E-02   2952.73357311    -2.40388310      0.24045489       4.47568983       0.00000000       0.00000000       0.00000000       0.00000000       0.00000000       0.00000000       0.00000000       0.00000000       0.00000000       0.00000000       0.00000000       0.00000000       0.00000000       0.00000000       0.00000000       0.00000000       0.00000000       0.00000000       0.00000000       0.00000000       0.00000000       0.00000000       0.00000000       0.00000000       0.00000000       0.00000000       0.00000000       0.00000000       0.00000000      
  0.06300000       2.72833338E-02   2932.62205175    -2.48765324      0.22134950       4.54759975       0.00000000       0.00000000       0.00000000       0.00000000       0.00000000       0.00000000       0.00000000       0.00000000       0.00000000       0.00000000       0.00000000       0.00000000       0.00000000       0.00000000       0.00000000       0.00000000       0.00000000       0.00000000       0.00000000       0.00000000       0.00000000       0.00000000       0.00000000       0.00000000       0.00000000       0.00000000       0.00000000       0.00000000       0.00000000      
  0.06300000       3.45510729E-02   2916.74096755    -2.56627620      0.20440633       4.61676659       0.00000000       0.00000000       0.00000000       0.00000000       0.00000000       0.00000000       0.00000000       0.00000000       0.00000000       0.00000000       0.00000000       0.00000000       0.00000000       0.00000000       0.00000000       0.00000000       0.00000000       0.00000000       0.00000000       0.00000000       0.00000000       0.00000000       0.00000000       0.00000000       0.00000000       0.00000000       0.00000000       0.00000000       0.00000000      
  0.06300000       4.37547938E-02   2888.70301864    -2.65067738      0.18909654       4.68438782       0.00000000       0.00000000       0.00000000       0.00000000       0.00000000       0.00000000       0.00000000       0.00000000       0.00000000       0.00000000       0.00000000       0.00000000       0.00000000       0.00000000       0.00000000       0.00000000       0.00000000       0.00000000       0.00000000       0.00000000       0.00000000       0.00000000       0.00000000       0.00000000       0.00000000       0.00000000       0.00000000       0.00000000       0.00000000      
  0.06300000       5.54102033E-02   2856.26176332    -2.73546357      0.17542815       4.74955902       0.00000000       0.00000000       0.00000000       0.00000000       0.00000000       0.00000000       0.00000000       0.00000000       0.00000000       0.00000000       0.00000000       0.00000000       0.00000000       0.00000000       0.00000000       0.00000000       0.00000000       0.00000000       0.00000000       0.00000000       0.00000000       0.00000000       0.00000000       0.00000000       0.00000000       0.00000000       0.00000000       0.00000000       0.00000000      
  0.06300000       7.01703829E-02   2822.15014859    -2.81950327      0.16312340       4.81272489       0.00000000       0.00000000       0.00000000       0.00000000       0.00000000       0.00000000       0.00000000       0.00000000       0.00000000       0.00000000       0.00000000       0.00000000       0.00000000       0.00000000       0.00000000       0.00000000       0.00000000       0.00000000       0.00000000       0.00000000       0.00000000       0.00000000       0.00000000       0.00000000       0.00000000       0.00000000       0.00000000       0.00000000       0.00000000      
  0.06300000       8.88623816E-02   2779.22086931    -2.90733085      0.15202561       4.87392262       0.00000000       0.00000000       0.00000000       0.00000000       0.00000000       0.00000000       0.00000000       0.00000000       0.00000000       0.00000000       0.00000000       0.00000000       0.00000000       0.00000000       0.00000000       0.00000000       0.00000000       0.00000000       0.00000000       0.00000000       0.00000000       0.00000000       0.00000000       0.00000000       0.00000000       0.00000000       0.00000000       0.00000000       0.00000000      
  0.06300000       1.12533558E-01   2728.28653304    -2.99846619      0.14204082       4.93292857       0.00000000       0.00000000       0.00000000       0.00000000       0.00000000       0.00000000       0.00000000       0.00000000       0.00000000       0.00000000       0.00000000       0.00000000       0.00000000       0.00000000       0.00000000       0.00000000       0.00000000       0.00000000       0.00000000       0.00000000       0.00000000       0.00000000       0.00000000       0.00000000       0.00000000       0.00000000       0.00000000       0.00000000       0.00000000      
  0.06300000       1.42510267E-01   2669.26999350    -3.09298873      0.13309146       4.98945442       0.00000000       0.00000000       0.00000000       0.00000000       0.00000000       0.00000000       0.00000000       0.00000000       0.00000000       0.00000000       0.00000000       0.00000000       0.00000000       0.00000000       0.00000000       0.00000000       0.00000000       0.00000000       0.00000000       0.00000000       0.00000000       0.00000000       0.00000000       0.00000000       0.00000000       0.00000000       0.00000000       0.00000000       0.00000000      
  0.06300000       1.80472177E-01   2598.99460612    -3.19305967      0.12510949       5.04317428       0.00000000       0.00000000       0.00000000       0.00000000       0.00000000       0.00000000       0.00000000       0.00000000       0.00000000       0.00000000       0.00000000       0.00000000       0.00000000       0.00000000       0.00000000       0.00000000       0.00000000       0.00000000       0.00000000       0.00000000       0.00000000       0.00000000       0.00000000       0.00000000       0.00000000       0.00000000       0.00000000       0.00000000       0.00000000      
  0.06300000       2.28546386E-01   2517.56958108    -3.29882962      0.11804530       5.09365737       0.00000000       0.00000000       0.00000000       0.00000000       0.00000000       0.00000000       0.00000000       0.00000000       0.00000000       0.00000000       0.00000000       0.00000000       0.00000000       0.00000000       0.00000000       0.00000000       0.00000000       0.00000000       0.00000000       0.00000000       0.00000000       0.00000000       0.00000000       0.00000000       0.00000000       0.00000000       0.00000000       0.00000000       0.00000000      
  0.06300000       2.89426612E-01   2428.26280015    -3.40823183      0.11187160       5.14031549       0.00000000       0.00000000       0.00000000       0.00000000       0.00000000       0.00000000       0.00000000       0.00000000       0.00000000       0.00000000       0.00000000       0.00000000       0.00000000       0.00000000       0.00000000       0.00000000       0.00000000       0.00000000       0.00000000       0.00000000       0.00000000       0.00000000       0.00000000       0.00000000       0.00000000       0.00000000       0.00000000       0.00000000       0.00000000      
  0.06300000       3.66524124E-01   2323.06865853    -3.52731373      0.10657151       5.18247298       0.00000000       0.00000000       0.00000000       0.00000000       0.00000000       0.00000000       0.00000000       0.00000000       0.00000000       0.00000000       0.00000000       0.00000000       0.00000000       0.00000000       0.00000000       0.00000000       0.00000000       0.00000000       0.00000000       0.00000000       0.00000000       0.00000000       0.00000000       0.00000000       0.00000000       0.00000000       0.00000000       0.00000000       0.00000000      
  0.06300000       4.64158883E-01   2213.22001492    -3.64907633      0.10205738       5.22006644       0.00000000       0.00000000       0.00000000       0.00000000       0.00000000       0.00000000       0.00000000       0.00000000       0.00000000       0.00000000       0.00000000       0.00000000       0.00000000       0.00000000       0.00000000       0.00000000       0.00000000       0.00000000       0.00000000       0.00000000       0.00000000       0.00000000       0.00000000       0.00000000       0.00000000       0.00000000       0.00000000       0.00000000       0.00000000      
  0.06300000       5.87801607E-01   2106.71560368    -3.76856895      0.09815801       5.25390487       0.00000000       0.00000000       0.00000000       0.00000000       0.00000000       0.00000000       0.00000000       0.00000000       0.00000000       0.00000000       0.00000000       0.00000000       0.00000000       0.00000000       0.00000000       0.00000000       0.00000000       0.00000000       0.00000000       0.00000000       0.00000000       0.00000000       0.00000000       0.00000000       0.00000000       0.00000000       0.00000000       0.00000000       0.00000000      
  0.06300000       7.44380301E-01   1989.01915410    -3.89880579      0.09478589       5.28426816       0.00000000       0.00000000       0.00000000       0.00000000       0.00000000       0.00000000       0.00000000       0.00000000       0.00000000       0.00000000       0.00000000       0.00000000       0.00000000       0.00000000       0.00000000       0.00000000       0.00000000       0.00000000       0.00000000       0.00000000       0.00000000       0.00000000       0.00000000       0.00000000       0.00000000       0.00000000       0.00000000       0.00000000       0.00000000      
  0.06300000       9.42668455E-01   1870.62239643    -4.03214833      0.09191163       5.31101404       0.00000000       0.00000000       0.00000000       0.00000000       0.00000000       0.00000000       0.00000000       0.00000000       0.00000000       0.00000000       0.00000000       0.00000000       0.00000000       0.00000000       0.00000000       0.00000000       0.00000000       0.00000000       0.00000000       0.00000000       0.00000000       0.00000000       0.00000000       0.00000000       0.00000000       0.00000000       0.00000000       0.00000000       0.00000000      
  0.06300000       1.19377664E+00   1754.39145965    -4.16696869      0.08947155       5.33438545       11.54971633      13.03226056      11.40582505      12.74250879      12.13148591      11.56297797      12.65525570      10.60782479      12.19565803      13.51656720      12.71274538      19.74217270      12.46615031      11.28886540      11.66112737      11.53770972      12.33299060      11.08869513      11.94898576      10.69796276      12.28731459      11.03894914      12.65963246      12.52189767      11.94477643      15.17993659      11.79246586      11.88304481      13.31257855     
  0.06300000       1.51177507E+00   1644.53570907    -4.30021193      0.08734387       5.35529012       11.78208151      13.44391146      11.82566115      13.09033494      12.48933384      11.79977161      13.00117911      10.84393776      12.77356555      13.94862406      13.11057388      20.56350081      12.84975208      11.75175752      11.90285851      11.76745245      12.92397593      11.34151636      12.29850144      10.95276469      12.63844070      11.28555758      13.06934464      12.89453878      12.28474576      15.53668926      12.15121327      12.27533662      13.58761756     
  0.06300000       1.91448198E+00   1540.32010383    -4.43264292      0.08548530       5.37397209       12.00814969      13.87677544      12.23658430      13.44449671      12.85760339      12.03119982      13.37209659      11.09431252      13.28439087      14.40552847      13.53336591      21.35932609      13.24810668      12.20323732      12.13858008      11.99028323      13.45681790      11.59985694      12.65875109      11.22735567      12.98900255      11.54306101      13.50341834      13.28105500      12.66098740      15.88822972      12.55906560      12.66627778      13.83813628     
  0.06300000       2.42446202E+00   1449.12753069    -4.55566075      0.08382672       5.39098993       12.22207078      14.31927213      12.60389268      13.78767874      13.21097699      12.25126255      13.75993713      11.34002458      13.72248722      14.88934720      13.96651914      22.06291482      13.63754140      12.58794748      12.36189649      12.20005034      13.92084143      11.84749649      13.00475783      11.49787361      13.32666218      11.79300176      13.93605692      13.66474249      13.05902999      16.23790735      13.00556330      13.02967816      14.06212192     
  0.06300000       3.07029063E+00   1351.97876167    -4.69208468      0.08230668       5.40688464       12.42088051      14.82192455      12.98152375      14.16752388      13.59344824      12.45473285      14.20693446      11.60594255      14.19083469      15.43833742      14.45934115      22.81029368      14.06448441      12.97344207      12.56635252      12.39201631      14.42256614      12.08447111      13.37876201      11.78155841      13.69587080      12.04514368      14.41727556      14.08955254      13.52052703      16.65207517      13.53643018      13.41354552      14.31952299     
  0.06300000       3.88815518E+00   1257.25876105    -4.83233561      0.08098408       5.42095549       12.61500333      15.34661647      13.34268284      14.55574916      13.98371149      12.65513188      14.66824503      11.87090959      14.66175760      15.99328313      14.97343027      23.54857565      14.50019503      13.33932500      12.76675319      12.57916074      14.92072396      12.31153971      13.76270185      12.05819030      14.07195158      12.29046341      14.91782406      14.52760241      14.00183893      17.09629989      14.11168901      13.79021986      14.60037748     
  0.06300000       4.92388263E+00   1183.32630671    -4.95021770      0.07981801       5.43355303       12.75320815      15.81703327      13.62350179      14.89145973      14.33424332      12.79532804      15.05129254      12.08544538      15.04831521      16.47923387      15.42318092      24.19924616      14.88622344      13.62657642      12.90150003      12.70915172      15.32522744      12.47144661      14.11118129      12.27145007      14.39692606      12.47299242      15.35130962      14.90924969      14.39074810      17.48226693      14.58103730      14.09376372      14.86508428     
  0.06300000       6.23550734E+00   1116.66036394    -5.06301157      0.07871892       5.44559654       12.86567214      16.25426607      13.87360120      15.20846255      14.66490285      12.90835472      15.39136304      12.27969711      15.39692724      16.92026452      15.84034671      24.75428656      15.24631957      13.88495762      13.00564053      12.81288755      15.71267689      12.60874063      14.44279552      12.46052833      14.69540817      12.63052402      15.75159370      15.26025241      14.73372109      17.84156714      14.99451556      14.36522066      15.13513686     
  0.06300000       7.89652287E+00   1053.94303337    -5.17523011      0.07765612       5.45740346       12.97900470      16.71276800      14.12759719      15.53192533      15.01276280      13.02234855      15.72498412      12.47576734      15.76758010      17.36408308      16.27470426      25.26616384      15.62249764      14.14781183      13.10947893      12.91711611      16.12991325      12.74646057      14.79261081      12.65131484      15.00752889      12.78908375      16.17027039      15.62521028      15.06905494      18.20992051      15.41733778      14.64121926      15.41662280     
  0.06300000       1.00000000E+01   993.11582265     -5.29006351      0.07662932       5.46896479       13.07933850      17.20538555      14.37725503      15.87057720      15.40180988      13.11775407      16.05882512      12.67239610      16.14880896      17.81279358      16.73221665      25.74480407      16.03491056      14.40608458      13.18653117      13.00484778      16.56057288      12.88551511      15.18470060      12.83908838      15.33614124      12.93932757      16.60715299      16.00763141      15.40196356      18.59677601      15.83709804      14.91453755      15.71776470     
