# Mass             Age              Teff             Luminosity       Radius           Gravity          NIRCAM-F460M     NIRCAM-F480M     NIRCAM-F322W2    NIRCAM-F356W     NIRCAM-F410M     NIRCAM-F300M     NIRCAM-F250M     NIRCAM-F335M     NIRCAM-F430M     NIRCAM-F444W     NIRCAM-F360M    
# M/Msun           Gyr              K                L/Lsun           R/Rsun           log(g[cm/s^2])  
  0.04200000       1.00000000E-03   2890.82738980    -1.75808625      0.52763834       3.61699195       0.00000000       0.00000000       0.00000000       0.00000000       0.00000000       0.00000000       0.00000000       0.00000000       0.00000000       0.00000000       0.00000000      
  0.04200000       1.26638017E-03   2889.63016205    -1.79312991      0.50719969       3.65130634       0.00000000       0.00000000       0.00000000       0.00000000       0.00000000       0.00000000       0.00000000       0.00000000       0.00000000       0.00000000       0.00000000      
  0.04200000       1.60371874E-03   2888.99815147    -1.81052282      0.49735769       3.66832649       0.00000000       0.00000000       0.00000000       0.00000000       0.00000000       0.00000000       0.00000000       0.00000000       0.00000000       0.00000000       0.00000000      
  0.04200000       2.03091762E-03   2888.61419821    -1.82061535      0.49173890       3.67819448       0.00000000       0.00000000       0.00000000       0.00000000       0.00000000       0.00000000       0.00000000       0.00000000       0.00000000       0.00000000       0.00000000      
  0.04200000       2.57191381E-03   2888.15391378    -1.83239527      0.48526921       3.68969810       0.00000000       0.00000000       0.00000000       0.00000000       0.00000000       0.00000000       0.00000000       0.00000000       0.00000000       0.00000000       0.00000000      
  0.04200000       3.25702066E-03   2887.45049084    -1.85057528      0.47545316       3.70744852       0.00000000       0.00000000       0.00000000       0.00000000       0.00000000       0.00000000       0.00000000       0.00000000       0.00000000       0.00000000       0.00000000      
  0.04200000       4.12462638E-03   2886.03535773    -1.88392667      0.45798261       3.73996568       0.00000000       0.00000000       0.00000000       0.00000000       0.00000000       0.00000000       0.00000000       0.00000000       0.00000000       0.00000000       0.00000000      
  0.04200000       5.22334507E-03   2882.54153258    -1.96612479      0.41764772       3.82004343       0.00000000       0.00000000       0.00000000       0.00000000       0.00000000       0.00000000       0.00000000       0.00000000       0.00000000       0.00000000       0.00000000      
  0.04200000       6.61474064E-03   2874.52024902    -2.12058895      0.35156212       3.96966204       0.00000000       0.00000000       0.00000000       0.00000000       0.00000000       0.00000000       0.00000000       0.00000000       0.00000000       0.00000000       0.00000000      
  0.04200000       8.37677640E-03   2857.98077309    -2.25332558      0.30524518       4.09236689       0.00000000       0.00000000       0.00000000       0.00000000       0.00000000       0.00000000       0.00000000       0.00000000       0.00000000       0.00000000       0.00000000      
  0.04200000       1.06081836E-02   2837.54515814    -2.36884675      0.27109126       4.19543537       0.00000000       0.00000000       0.00000000       0.00000000       0.00000000       0.00000000       0.00000000       0.00000000       0.00000000       0.00000000       0.00000000      
  0.04200000       1.34339933E-02   2813.23252039    -2.47484913      0.24411178       4.28648919       0.00000000       0.00000000       0.00000000       0.00000000       0.00000000       0.00000000       0.00000000       0.00000000       0.00000000       0.00000000       0.00000000      
  0.04200000       1.70125428E-02   2792.51998710    -2.57011453      0.22201131       4.36891423       0.00000000       0.00000000       0.00000000       0.00000000       0.00000000       0.00000000       0.00000000       0.00000000       0.00000000       0.00000000       0.00000000      
  0.04200000       2.15443469E-02   2755.95827699    -2.66976678      0.20323077       4.44568725       0.00000000       0.00000000       0.00000000       0.00000000       0.00000000       0.00000000       0.00000000       0.00000000       0.00000000       0.00000000       0.00000000      
  0.04200000       2.72833338E-02   2720.67421875    -2.76358536      0.18718730       4.51711229       0.00000000       0.00000000       0.00000000       0.00000000       0.00000000       0.00000000       0.00000000       0.00000000       0.00000000       0.00000000       0.00000000      
  0.04200000       3.45510729E-02   2675.39992144    -2.86006515      0.17322587       4.58444030       0.00000000       0.00000000       0.00000000       0.00000000       0.00000000       0.00000000       0.00000000       0.00000000       0.00000000       0.00000000       0.00000000      
  0.04200000       4.37547938E-02   2621.85690881    -2.95845462      0.16105497       4.64771653       0.00000000       0.00000000       0.00000000       0.00000000       0.00000000       0.00000000       0.00000000       0.00000000       0.00000000       0.00000000       0.00000000      
  0.04200000       5.54102033E-02   2560.31938731    -3.05920344      0.15039612       4.70719224       0.00000000       0.00000000       0.00000000       0.00000000       0.00000000       0.00000000       0.00000000       0.00000000       0.00000000       0.00000000       0.00000000      
  0.04200000       7.01703829E-02   2490.31994070    -3.16317329      0.14103564       4.76300608       0.00000000       0.00000000       0.00000000       0.00000000       0.00000000       0.00000000       0.00000000       0.00000000       0.00000000       0.00000000       0.00000000      
  0.04200000       8.88623816E-02   2411.25483882    -3.27202300      0.13271417       4.81582989       0.00000000       0.00000000       0.00000000       0.00000000       0.00000000       0.00000000       0.00000000       0.00000000       0.00000000       0.00000000       0.00000000      
  0.04200000       1.12533558E-01   2318.85903787    -3.38855579      0.12548569       4.86447544       0.00000000       0.00000000       0.00000000       0.00000000       0.00000000       0.00000000       0.00000000       0.00000000       0.00000000       0.00000000       0.00000000      
  0.04200000       1.42510267E-01   2209.16824790    -3.51695578      0.11925840       4.90868735       0.00000000       0.00000000       0.00000000       0.00000000       0.00000000       0.00000000       0.00000000       0.00000000       0.00000000       0.00000000       0.00000000      
  0.04200000       1.80472177E-01   2103.30758891    -3.64177043      0.11395355       4.94820937       0.00000000       0.00000000       0.00000000       0.00000000       0.00000000       0.00000000       0.00000000       0.00000000       0.00000000       0.00000000       0.00000000      
  0.04200000       2.28546386E-01   1986.16892236    -3.77667554      0.10941051       4.98354719       0.00000000       0.00000000       0.00000000       0.00000000       0.00000000       0.00000000       0.00000000       0.00000000       0.00000000       0.00000000       0.00000000      
  0.04200000       2.89426612E-01   1868.67678589    -3.91421493      0.10550049       5.01515487       0.00000000       0.00000000       0.00000000       0.00000000       0.00000000       0.00000000       0.00000000       0.00000000       0.00000000       0.00000000       0.00000000      
  0.04200000       3.66524124E-01   1749.00330563    -4.05703617      0.10217087       5.04301054       11.40732092      11.27740625      11.53025601      11.02509356      10.42738789      11.99675759      12.36047333      11.75902252      10.84749841      10.77035046      10.91140328     
  0.04200000       4.64158883E-01   1635.70638544    -4.19783971      0.09933374       5.06747082       11.68166202      11.53763835      11.93858178      11.45754223      10.69012786      12.36162891      12.78056348      12.39415033      11.12573712      11.03338809      11.39083764     
  0.04200000       5.87801607E-01   1527.33478691    -4.33875949      0.09686922       5.08929256       11.94155856      11.78391506      12.36192951      11.90331839      10.98235682      12.73282776      13.23708662      12.97120562      11.40873866      11.31177367      11.89003392     
  0.04200000       7.44380301E-01   1434.05637271    -4.46794333      0.09469586       5.10900195       12.19540533      12.02289712      12.74504582      12.29448610      11.26561261      13.07792902      13.67935259      13.44495168      11.68193342      11.58088709      12.31036238     
  0.04200000       9.42668455E-01   1332.80553669    -4.61300538      0.09276768       5.12687057       12.44956529      12.26250333      13.15871754      12.70684058      11.57706180      13.46103451      14.18386727      13.95053511      11.96255864      11.86803259      12.73639980     
  0.04200000       1.19377664E+00   1247.61115664    -4.74366045      0.09108370       5.14278239       12.66640460      12.46643562      13.52163176      13.05944685      11.84942523      13.81117777      14.65213951      14.40374361      12.19953915      12.11661072      13.09663380     
  0.04200000       1.51177507E+00   1153.33388437    -4.89490102      0.08955182       5.15751480       12.88248715      12.67494439      13.91375925      13.42869543      12.13502429      14.21360768      15.19864577      14.90090921      12.43731851      12.37256424      13.47620964     
  0.04200000       1.91448198E+00   1064.10699658    -5.04721273      0.08827746       5.16996391       13.08057126      12.86777831      14.29430337      13.78169028      12.40471436      14.62303113      15.75809444      15.40592726      12.65195238      12.61144601      13.84494888     
  0.04200000       2.42446202E+00   990.45309705     -5.18316315      0.08713121       5.18131606       13.22245576      13.01843180      14.63239239      14.09455271      12.63826310      15.00613395      16.27773940      15.87407730      12.82623562      12.81002015      14.17562510     
  0.04200000       3.07029063E+00   912.96009726     -5.33503672      0.08609837       5.19167371       13.34639729      13.16284234      15.00041252      14.43468692      12.88985431      15.43943774      16.86651716      16.38208214      12.99592098      13.01502072      14.53685130     
  0.04200000       3.88815518E+00   846.69097259     -5.47499700      0.08520889       5.20069374       13.44373903      13.28723881      15.34006153      14.74872194      13.12277625      15.85768791      17.43281596      16.87257415      13.15236130      13.20038793      14.86926820     
  0.04200000       4.92388263E+00   791.65612748     -5.59977499      0.08442370       5.20873474       13.52725714      13.40628755      15.63799502      15.02603178      13.32846438      16.24566648      17.95031249      17.32336183      13.29788301      13.36510183      15.16568328     
  0.04200000       6.23550734E+00   745.38856410     -5.71182437      0.08370277       5.21618385       13.60690518      13.52559487      15.90767207      15.27929244      13.51615522      16.61033849      18.43584956      17.74451070      13.44093683      13.51679666      15.44010393     
  0.04200000       7.89652287E+00   703.04826771     -5.82037628      0.08303580       5.22313278       13.69235985      13.64388926      16.16843347      15.52591770      13.70427430      16.96906930      18.90876122      18.15841177      13.58517531      13.66951134      15.70696718     
  0.04200000       1.00000000E+01   667.79447379     -5.91641938      0.08239958       5.22981353       13.77246519      13.75195095      16.39791111      15.74460125      13.87401719      17.29301979      19.32986418      18.52968487      13.72039853      13.80870861      15.94407520     
