# Mass             Age              Teff             Luminosity       Radius           Gravity          NIRISS-F277W     NIRISS-F200W     NIRISS-F115W     NIRISS-F140M     NIRISS-F480M     NIRISS-F158M     NIRISS-F090W     NIRISS-F356W     NIRISS-F380M     NIRISS-F150W     NIRISS-F444W     NIRISS-F430M    
# M/Msun           Gyr              K                L/Lsun           R/Rsun           log(g[cm/s^2])  
  0.05000000       1.00000000E-03   2938.04567660    -1.63078965      0.59145218       3.59354578       0.00000000       0.00000000       0.00000000       0.00000000       0.00000000       0.00000000       0.00000000       0.00000000       0.00000000       0.00000000       0.00000000       0.00000000      
  0.05000000       1.26638017E-03   2937.64965196    -1.65241300      0.57706673       3.61493255       0.00000000       0.00000000       0.00000000       0.00000000       0.00000000       0.00000000       0.00000000       0.00000000       0.00000000       0.00000000       0.00000000       0.00000000      
  0.05000000       1.60371874E-03   2937.40058071    -1.66353438      0.56981137       3.62592259       0.00000000       0.00000000       0.00000000       0.00000000       0.00000000       0.00000000       0.00000000       0.00000000       0.00000000       0.00000000       0.00000000       0.00000000      
  0.05000000       2.03091762E-03   2937.17619694    -1.67455543      0.56271514       3.63680747       0.00000000       0.00000000       0.00000000       0.00000000       0.00000000       0.00000000       0.00000000       0.00000000       0.00000000       0.00000000       0.00000000       0.00000000      
  0.05000000       2.57191381E-03   2936.83806150    -1.69077155      0.55242831       3.65283277       0.00000000       0.00000000       0.00000000       0.00000000       0.00000000       0.00000000       0.00000000       0.00000000       0.00000000       0.00000000       0.00000000       0.00000000      
  0.05000000       3.25702066E-03   2936.29712576    -1.71922407      0.53482528       3.68096062       0.00000000       0.00000000       0.00000000       0.00000000       0.00000000       0.00000000       0.00000000       0.00000000       0.00000000       0.00000000       0.00000000       0.00000000      
  0.05000000       4.12462638E-03   2935.41831767    -1.78395916      0.49671710       3.74516622       0.00000000       0.00000000       0.00000000       0.00000000       0.00000000       0.00000000       0.00000000       0.00000000       0.00000000       0.00000000       0.00000000       0.00000000      
  0.05000000       5.22334507E-03   2933.47551871    -1.92921750      0.42077788       3.88928076       0.00000000       0.00000000       0.00000000       0.00000000       0.00000000       0.00000000       0.00000000       0.00000000       0.00000000       0.00000000       0.00000000       0.00000000      
  0.05000000       6.61474064E-03   2930.05219267    -2.05985922      0.36286373       4.01789995       0.00000000       0.00000000       0.00000000       0.00000000       0.00000000       0.00000000       0.00000000       0.00000000       0.00000000       0.00000000       0.00000000       0.00000000      
  0.05000000       8.37677640E-03   2917.65544083    -2.17472994      0.32062108       4.12540318       0.00000000       0.00000000       0.00000000       0.00000000       0.00000000       0.00000000       0.00000000       0.00000000       0.00000000       0.00000000       0.00000000       0.00000000      
  0.05000000       1.06081836E-02   2905.00485278    -2.27682191      0.28755504       4.21994399       0.00000000       0.00000000       0.00000000       0.00000000       0.00000000       0.00000000       0.00000000       0.00000000       0.00000000       0.00000000       0.00000000       0.00000000      
  0.05000000       1.34339933E-02   2888.97867343    -2.37266516      0.26037898       4.30617535       0.00000000       0.00000000       0.00000000       0.00000000       0.00000000       0.00000000       0.00000000       0.00000000       0.00000000       0.00000000       0.00000000       0.00000000      
  0.05000000       1.70125428E-02   2866.46194522    -2.46657617      0.23737972       4.38649976       0.00000000       0.00000000       0.00000000       0.00000000       0.00000000       0.00000000       0.00000000       0.00000000       0.00000000       0.00000000       0.00000000       0.00000000      
  0.05000000       2.15443469E-02   2850.44718970    -2.55142156      0.21771502       4.46161031       0.00000000       0.00000000       0.00000000       0.00000000       0.00000000       0.00000000       0.00000000       0.00000000       0.00000000       0.00000000       0.00000000       0.00000000      
  0.05000000       2.72833338E-02   2820.75989321    -2.64171044      0.20037173       4.53371400       0.00000000       0.00000000       0.00000000       0.00000000       0.00000000       0.00000000       0.00000000       0.00000000       0.00000000       0.00000000       0.00000000       0.00000000      
  0.05000000       3.45510729E-02   2786.23890053    -2.73148386      0.18520210       4.60209505       0.00000000       0.00000000       0.00000000       0.00000000       0.00000000       0.00000000       0.00000000       0.00000000       0.00000000       0.00000000       0.00000000       0.00000000      
  0.05000000       4.37547938E-02   2747.62597269    -2.82105983      0.17178460       4.66741788       0.00000000       0.00000000       0.00000000       0.00000000       0.00000000       0.00000000       0.00000000       0.00000000       0.00000000       0.00000000       0.00000000       0.00000000      
  0.05000000       5.54102033E-02   2701.68871255    -2.91285118      0.15985771       4.72991977       0.00000000       0.00000000       0.00000000       0.00000000       0.00000000       0.00000000       0.00000000       0.00000000       0.00000000       0.00000000       0.00000000       0.00000000      
  0.05000000       7.01703829E-02   2646.74953303    -3.00807047      0.14926470       4.78947201       0.00000000       0.00000000       0.00000000       0.00000000       0.00000000       0.00000000       0.00000000       0.00000000       0.00000000       0.00000000       0.00000000       0.00000000      
  0.05000000       8.88623816E-02   2584.46670764    -3.10594355      0.13986743       4.84595359       0.00000000       0.00000000       0.00000000       0.00000000       0.00000000       0.00000000       0.00000000       0.00000000       0.00000000       0.00000000       0.00000000       0.00000000      
  0.05000000       1.12533558E-01   2511.16074245    -3.20959166      0.13148538       4.89963172       0.00000000       0.00000000       0.00000000       0.00000000       0.00000000       0.00000000       0.00000000       0.00000000       0.00000000       0.00000000       0.00000000       0.00000000      
  0.05000000       1.42510267E-01   2430.15870724    -3.31702399      0.12406160       4.95011084       0.00000000       0.00000000       0.00000000       0.00000000       0.00000000       0.00000000       0.00000000       0.00000000       0.00000000       0.00000000       0.00000000       0.00000000      
  0.05000000       1.80472177E-01   2333.73675864    -3.43413658      0.11755924       4.99687273       0.00000000       0.00000000       0.00000000       0.00000000       0.00000000       0.00000000       0.00000000       0.00000000       0.00000000       0.00000000       0.00000000       0.00000000      
  0.05000000       2.28546386E-01   2220.69943823    -3.56258766      0.11198408       5.03907359       0.00000000       0.00000000       0.00000000       0.00000000       0.00000000       0.00000000       0.00000000       0.00000000       0.00000000       0.00000000       0.00000000       0.00000000      
  0.05000000       2.89426612E-01   2112.55960618    -3.68712521      0.10721339       5.07688783       0.00000000       0.00000000       0.00000000       0.00000000       0.00000000       0.00000000       0.00000000       0.00000000       0.00000000       0.00000000       0.00000000       0.00000000      
  0.05000000       3.66524124E-01   1993.53979775    -3.82187580      0.10309483       5.11091197       0.00000000       0.00000000       0.00000000       0.00000000       0.00000000       0.00000000       0.00000000       0.00000000       0.00000000       0.00000000       0.00000000       0.00000000      
  0.05000000       4.64158883E-01   1871.78676043    -3.96167696      0.09955898       5.14122411       0.00000000       0.00000000       0.00000000       0.00000000       0.00000000       0.00000000       0.00000000       0.00000000       0.00000000       0.00000000       0.00000000       0.00000000      
  0.05000000       5.87801607E-01   1750.42736237    -4.10460698      0.09656757       5.16772271       12.42470315      12.29638429      13.18994269      13.45715548      11.46185569      12.01761381      15.04717613      11.04348246      10.43828935      12.58653933      10.93724235      11.02595344     
  0.05000000       7.44380301E-01   1636.78251554    -4.24469921      0.09399222       5.19120123       12.79165716      12.69982193      13.49141352      13.88452515      11.74082208      12.34994500      15.42433325      11.45793376      10.73216738      12.93586574      11.19635390      11.29172145     
  0.05000000       9.42668455E-01   1526.38818579    -4.38691610      0.09175416       5.21213273       13.19409152      13.13340477      13.76380167      14.34842242      12.01179697      12.72541523      15.80328321      11.89190092      11.10278343      13.32267913      11.47351242      11.56980653     
  0.05000000       1.19377664E+00   1432.55421857    -4.51598767      0.08978749       5.23095318       13.57441883      13.54107555      14.00601756      14.81072396      12.25772200      13.10099405      16.16240306      12.27366481      11.46952103      13.70649260      11.73602358      11.82797604     
  0.05000000       1.51177507E+00   1331.23165894    -4.66056858      0.08803227       5.24810071       14.01002812      13.99911071      14.27833393      15.36500710      12.50791709      13.56177827      16.60046591      12.66812855      11.85702952      14.17442596      12.01693575      12.09698828     
  0.05000000       1.91448198E+00   1240.27382392    -4.79885724      0.08648980       5.26345452       14.43487873      14.43632436      14.55291402      15.90703380      12.74623243      14.01720410      17.03880412      13.02087560      12.20355098      14.63514575      12.27979030      12.35064369     
  0.05000000       2.42446202E+00   1148.14899360    -4.94674571      0.08512606       5.27725921       14.88794873      14.90463374      14.88838816      16.48748484      12.96574587      14.47961376      17.51898821      13.36286813      12.53593882      15.10845936      12.52882093      12.57884045     
  0.05000000       3.07029063E+00   1065.77060572    -5.08811403      0.08395348       5.28930690       15.31130726      15.33706610      15.23300357      17.02245603      13.15808427      14.88892380      17.96874431      13.67268754      12.83698140      15.52987921      12.75222929      12.78145982     
  0.05000000       3.88815518E+00   989.29433324     -5.22841043      0.08290282       5.30024569       15.75119259      15.79926406      15.59605022      17.55852620      13.32112895      15.28519807      18.42311397      13.97262098      13.13154869      15.93893648      12.95697837      12.95931021     
  0.05000000       4.92388263E+00   919.58718681     -5.36485697      0.08199850       5.30977239       16.19205297      16.27597598      15.96455417      18.08808617      13.47030497      15.66912478      18.87118726      14.26105466      13.41784290      16.33516889      13.15077842      13.12500890     
  0.05000000       6.23550734E+00   867.36065811     -5.47493653      0.08120155       5.31825557       16.55435334      16.67126154      16.27285563      18.52300196      13.58303266      15.97972720      19.23973013      14.49823276      13.65550331      16.65540839      13.30601799      13.24693237     
  0.05000000       7.89652287E+00   822.98487218     -5.57431285      0.08044186       5.32642002       16.89044893      17.06116243      16.56613515      18.91393922      13.67197970      16.26809520      19.58217188      14.70868313      13.86575720      16.95092045      13.43788419      13.35630178     
  0.05000000       1.00000000E+01   782.31785076     -5.67039303      0.07970185       5.33444741       17.22350485      17.46466280      16.85920474      19.29025711      13.76194637      16.55494176      19.91643473      14.91073909      14.06739531      17.24346074      13.56667515      13.47424881     
