# Mass             Age              Teff             Luminosity       Radius           Gravity          NIRISS-F277W     NIRISS-F200W     NIRISS-F115W     NIRISS-F140M     NIRISS-F480M     NIRISS-F158M     NIRISS-F090W     NIRISS-F356W     NIRISS-F380M     NIRISS-F150W     NIRISS-F444W     NIRISS-F430M    
# M/Msun           Gyr              K                L/Lsun           R/Rsun           log(g[cm/s^2])  
  0.06900000       1.00000000E-03   3035.18444114    -1.37284941      0.74582182       3.53199392       0.00000000       0.00000000       0.00000000       0.00000000       0.00000000       0.00000000       0.00000000       0.00000000       0.00000000       0.00000000       0.00000000       0.00000000      
  0.06900000       1.26638017E-03   3034.76790847    -1.38357018      0.73686706       3.54248550       0.00000000       0.00000000       0.00000000       0.00000000       0.00000000       0.00000000       0.00000000       0.00000000       0.00000000       0.00000000       0.00000000       0.00000000      
  0.06900000       1.60371874E-03   3034.32274713    -1.39638217      0.72627596       3.55506021       0.00000000       0.00000000       0.00000000       0.00000000       0.00000000       0.00000000       0.00000000       0.00000000       0.00000000       0.00000000       0.00000000       0.00000000      
  0.06900000       2.03091762E-03   3033.81321683    -1.41652460      0.70988750       3.57488440       0.00000000       0.00000000       0.00000000       0.00000000       0.00000000       0.00000000       0.00000000       0.00000000       0.00000000       0.00000000       0.00000000       0.00000000      
  0.06900000       2.57191381E-03   3033.19268535    -1.45481214      0.67953388       3.61284136       0.00000000       0.00000000       0.00000000       0.00000000       0.00000000       0.00000000       0.00000000       0.00000000       0.00000000       0.00000000       0.00000000       0.00000000      
  0.06900000       3.25702066E-03   3034.24049393    -1.55238259      0.60692044       3.71099982       0.00000000       0.00000000       0.00000000       0.00000000       0.00000000       0.00000000       0.00000000       0.00000000       0.00000000       0.00000000       0.00000000       0.00000000      
  0.06900000       4.12462638E-03   3037.86838938    -1.69351609      0.51466599       3.85421356       0.00000000       0.00000000       0.00000000       0.00000000       0.00000000       0.00000000       0.00000000       0.00000000       0.00000000       0.00000000       0.00000000       0.00000000      
  0.06900000       5.22334507E-03   3042.01116803    -1.80882126      0.44946044       3.97188063       0.00000000       0.00000000       0.00000000       0.00000000       0.00000000       0.00000000       0.00000000       0.00000000       0.00000000       0.00000000       0.00000000       0.00000000      
  0.06900000       6.61474064E-03   3035.83759768    -1.91444648      0.39961345       4.07398446       0.00000000       0.00000000       0.00000000       0.00000000       0.00000000       0.00000000       0.00000000       0.00000000       0.00000000       0.00000000       0.00000000       0.00000000      
  0.06900000       8.37677640E-03   3026.41344876    -2.01129762      0.35968801       4.16541450       0.00000000       0.00000000       0.00000000       0.00000000       0.00000000       0.00000000       0.00000000       0.00000000       0.00000000       0.00000000       0.00000000       0.00000000      
  0.06900000       1.06081836E-02   3018.28522411    -2.10048485      0.32632921       4.24995397       0.00000000       0.00000000       0.00000000       0.00000000       0.00000000       0.00000000       0.00000000       0.00000000       0.00000000       0.00000000       0.00000000       0.00000000      
  0.06900000       1.34339933E-02   3009.99668166    -2.18518714      0.29764966       4.32985351       0.00000000       0.00000000       0.00000000       0.00000000       0.00000000       0.00000000       0.00000000       0.00000000       0.00000000       0.00000000       0.00000000       0.00000000      
  0.06900000       1.70125428E-02   3001.87273493    -2.26629868      0.27258122       4.40627440       0.00000000       0.00000000       0.00000000       0.00000000       0.00000000       0.00000000       0.00000000       0.00000000       0.00000000       0.00000000       0.00000000       0.00000000      
  0.06900000       2.15443469E-02   2992.45815113    -2.34549223      0.25039147       4.48002694       0.00000000       0.00000000       0.00000000       0.00000000       0.00000000       0.00000000       0.00000000       0.00000000       0.00000000       0.00000000       0.00000000       0.00000000      
  0.06900000       2.72833338E-02   2974.52515460    -2.42780826      0.23050183       4.55191604       0.00000000       0.00000000       0.00000000       0.00000000       0.00000000       0.00000000       0.00000000       0.00000000       0.00000000       0.00000000       0.00000000       0.00000000      
  0.06900000       3.45510729E-02   2955.08713160    -2.50857597      0.21281350       4.62126802       0.00000000       0.00000000       0.00000000       0.00000000       0.00000000       0.00000000       0.00000000       0.00000000       0.00000000       0.00000000       0.00000000       0.00000000      
  0.06900000       4.37547938E-02   2938.73784413    -2.58567464      0.19690579       4.68874817       0.00000000       0.00000000       0.00000000       0.00000000       0.00000000       0.00000000       0.00000000       0.00000000       0.00000000       0.00000000       0.00000000       0.00000000      
  0.06900000       5.54102033E-02   2910.87327022    -2.66843776      0.18245538       4.75495245       0.00000000       0.00000000       0.00000000       0.00000000       0.00000000       0.00000000       0.00000000       0.00000000       0.00000000       0.00000000       0.00000000       0.00000000      
  0.06900000       7.01703829E-02   2880.17186551    -2.75112735      0.16944443       4.81920982       0.00000000       0.00000000       0.00000000       0.00000000       0.00000000       0.00000000       0.00000000       0.00000000       0.00000000       0.00000000       0.00000000       0.00000000      
  0.06900000       8.88623816E-02   2845.20167282    -2.83502264      0.15764719       4.88189090       0.00000000       0.00000000       0.00000000       0.00000000       0.00000000       0.00000000       0.00000000       0.00000000       0.00000000       0.00000000       0.00000000       0.00000000      
  0.06900000       1.12533558E-01   2802.06701707    -2.92231519      0.14699645       4.94264965       0.00000000       0.00000000       0.00000000       0.00000000       0.00000000       0.00000000       0.00000000       0.00000000       0.00000000       0.00000000       0.00000000       0.00000000      
  0.06900000       1.42510267E-01   2750.58420269    -3.01286078      0.13745216       5.00096020       0.00000000       0.00000000       0.00000000       0.00000000       0.00000000       0.00000000       0.00000000       0.00000000       0.00000000       0.00000000       0.00000000       0.00000000      
  0.06900000       1.80472177E-01   2692.14157527    -3.10553568      0.12896185       5.05634283       0.00000000       0.00000000       0.00000000       0.00000000       0.00000000       0.00000000       0.00000000       0.00000000       0.00000000       0.00000000       0.00000000       0.00000000      
  0.06900000       2.28546386E-01   2621.72795696    -3.20361045      0.12146230       5.10838194       0.00000000       0.00000000       0.00000000       0.00000000       0.00000000       0.00000000       0.00000000       0.00000000       0.00000000       0.00000000       0.00000000       0.00000000      
  0.06900000       2.89426612E-01   2542.63946625    -3.30526976      0.11487297       5.15682880       0.00000000       0.00000000       0.00000000       0.00000000       0.00000000       0.00000000       0.00000000       0.00000000       0.00000000       0.00000000       0.00000000       0.00000000      
  0.06900000       3.66524124E-01   2456.39389224    -3.40961185      0.10915183       5.20120313       0.00000000       0.00000000       0.00000000       0.00000000       0.00000000       0.00000000       0.00000000       0.00000000       0.00000000       0.00000000       0.00000000       0.00000000      
  0.06900000       4.64158883E-01   2358.88728462    -3.52001201      0.10423398       5.24124639       0.00000000       0.00000000       0.00000000       0.00000000       0.00000000       0.00000000       0.00000000       0.00000000       0.00000000       0.00000000       0.00000000       0.00000000      
  0.06900000       5.87801607E-01   2256.94073682    -3.63200825      0.10008657       5.27651235       0.00000000       0.00000000       0.00000000       0.00000000       0.00000000       0.00000000       0.00000000       0.00000000       0.00000000       0.00000000       0.00000000       0.00000000      
  0.06900000       7.44380301E-01   2158.33153727    -3.74082235      0.09655671       5.30769976       0.00000000       0.00000000       0.00000000       0.00000000       0.00000000       0.00000000       0.00000000       0.00000000       0.00000000       0.00000000       0.00000000       0.00000000      
  0.06900000       9.42668455E-01   2058.55878303    -3.85084263      0.09351403       5.33551060       0.00000000       0.00000000       0.00000000       0.00000000       0.00000000       0.00000000       0.00000000       0.00000000       0.00000000       0.00000000       0.00000000       0.00000000      
  0.06900000       1.19377664E+00   1956.21365736    -3.96383571      0.09092514       5.35989632       0.00000000       0.00000000       0.00000000       0.00000000       0.00000000       0.00000000       0.00000000       0.00000000       0.00000000       0.00000000       0.00000000       0.00000000      
  0.06900000       1.51177507E+00   1854.53561785    -4.07797787      0.08870751       5.38134299       0.00000000       0.00000000       0.00000000       0.00000000       0.00000000       0.00000000       0.00000000       0.00000000       0.00000000       0.00000000       0.00000000       0.00000000      
  0.06900000       1.91448198E+00   1757.48259358    -4.19005411      0.08682051       5.40001880       12.62743085      12.52360095      13.40061279      13.58718859      11.67063839      12.20794939      15.25461010      11.33467889      10.69104055      12.75662431      11.14617660      11.19074779     
  0.06900000       2.42446202E+00   1667.25537811    -4.29835836      0.08516161       5.41677566       12.91641092      12.83670464      13.62879622      13.92046017      11.87958843      12.46862515      15.54847658      11.66024536      10.92843387      13.03083560      11.34442258      11.39157316     
  0.06900000       3.07029063E+00   1581.43353121    -4.40523987      0.08369611       5.43185278       13.22613089      13.16348181      13.82907622      14.28107740      12.07662156      12.75255960      15.83471364      11.98144900      11.20735051      13.32724581      11.54909741      11.59737894     
  0.06900000       3.88815518E+00   1502.88004159    -4.50770434      0.08236166       5.44581313       13.52809170      13.48521285      14.01249420      14.64665639      12.26430108      13.04520903      16.11436693      12.28058630      11.48878836      13.62950563      11.75059405      11.79588120     
  0.06900000       4.92388263E+00   1428.78850456    -4.60902087      0.08109274       5.45929936       13.84390515      13.81688394      14.20066358      15.05812481      12.45124508      13.36416822      16.41427805      12.57165562      11.77380699      13.96021612      11.95613140      11.99641699     
  0.06900000       6.23550734E+00   1343.46209838    -4.72884463      0.07990141       5.47215445       14.20855456      14.19586977      14.42501898      15.53047485      12.64339707      13.74902648      16.78260185      12.87917565      12.07540731      14.35440732      12.17669698      12.20640368     
  0.06900000       7.89652287E+00   1264.28939937    -4.84590581      0.07884502       5.48371478       14.56689148      14.56430134      14.65862197      15.98639472      12.82769928      14.12856810      17.15447750      13.16708952      12.35624020      14.74011691      12.38654833      12.40481532     
  0.06900000       1.00000000E+01   1203.62918292    -4.94286633      0.07780478       5.49525077       14.87164095      14.87702771      14.87622394      16.37584715      12.96680918      14.43582500      17.47325560      13.39360926      12.57423177      15.05644923      12.54862975      12.54985194     
