# Mass             Age              Teff             Luminosity       Radius           Gravity          NIRCAM-F150W     NIRCAM-F405N     NIRCAM-F323N     NIRCAM-F210M     NIRCAM-F150W2    NIRCAM-F212N     NIRCAM-F444W     NIRCAM-F322W2    NIRCAM-F356W     NIRCAM-F410M     NIRCAM-F187N     NIRCAM-F430M     NIRCAM-F277W     NIRCAM-F090W     NIRCAM-F070W     NIRCAM-F466N     NIRCAM-F300M     NIRCAM-F250M     NIRCAM-F470N     NIRCAM-F140M     NIRCAM-F115W     NIRCAM-F164N     NIRCAM-F335M     NIRCAM-F200W     NIRCAM-F460M     NIRCAM-F480M     NIRCAM-F182M     NIRCAM-F162M     NIRCAM-F360M    
# M/Msun           Gyr              K                L/Lsun           R/Rsun           log(g[cm/s^2])  
  0.05700000       1.00000000E-03   2973.37715267    -1.52988953      0.64861725       3.57031270       0.00000000       0.00000000       0.00000000       0.00000000       0.00000000       0.00000000       0.00000000       0.00000000       0.00000000       0.00000000       0.00000000       0.00000000       0.00000000       0.00000000       0.00000000       0.00000000       0.00000000       0.00000000       0.00000000       0.00000000       0.00000000       0.00000000       0.00000000       0.00000000       0.00000000       0.00000000       0.00000000       0.00000000       0.00000000      
  0.05700000       1.26638017E-03   2973.37715267    -1.54461361      0.63769702       3.58506101       0.00000000       0.00000000       0.00000000       0.00000000       0.00000000       0.00000000       0.00000000       0.00000000       0.00000000       0.00000000       0.00000000       0.00000000       0.00000000       0.00000000       0.00000000       0.00000000       0.00000000       0.00000000       0.00000000       0.00000000       0.00000000       0.00000000       0.00000000       0.00000000       0.00000000       0.00000000       0.00000000       0.00000000       0.00000000      
  0.05700000       1.60371874E-03   2973.44561799    -1.55483000      0.63022910       3.59529260       0.00000000       0.00000000       0.00000000       0.00000000       0.00000000       0.00000000       0.00000000       0.00000000       0.00000000       0.00000000       0.00000000       0.00000000       0.00000000       0.00000000       0.00000000       0.00000000       0.00000000       0.00000000       0.00000000       0.00000000       0.00000000       0.00000000       0.00000000       0.00000000       0.00000000       0.00000000       0.00000000       0.00000000       0.00000000      
  0.05700000       2.03091762E-03   2973.44561799    -1.56807882      0.62066194       3.60857903       0.00000000       0.00000000       0.00000000       0.00000000       0.00000000       0.00000000       0.00000000       0.00000000       0.00000000       0.00000000       0.00000000       0.00000000       0.00000000       0.00000000       0.00000000       0.00000000       0.00000000       0.00000000       0.00000000       0.00000000       0.00000000       0.00000000       0.00000000       0.00000000       0.00000000       0.00000000       0.00000000       0.00000000       0.00000000      
  0.05700000       2.57191381E-03   2973.58255338    -1.58963487      0.60540595       3.63019603       0.00000000       0.00000000       0.00000000       0.00000000       0.00000000       0.00000000       0.00000000       0.00000000       0.00000000       0.00000000       0.00000000       0.00000000       0.00000000       0.00000000       0.00000000       0.00000000       0.00000000       0.00000000       0.00000000       0.00000000       0.00000000       0.00000000       0.00000000       0.00000000       0.00000000       0.00000000       0.00000000       0.00000000       0.00000000      
  0.05700000       3.25702066E-03   2973.78796828    -1.63258079      0.57612826       3.67325102       0.00000000       0.00000000       0.00000000       0.00000000       0.00000000       0.00000000       0.00000000       0.00000000       0.00000000       0.00000000       0.00000000       0.00000000       0.00000000       0.00000000       0.00000000       0.00000000       0.00000000       0.00000000       0.00000000       0.00000000       0.00000000       0.00000000       0.00000000       0.00000000       0.00000000       0.00000000       0.00000000       0.00000000       0.00000000      
  0.05700000       4.12462638E-03   2973.17176614    -1.74706755      0.50519434       3.78737223       0.00000000       0.00000000       0.00000000       0.00000000       0.00000000       0.00000000       0.00000000       0.00000000       0.00000000       0.00000000       0.00000000       0.00000000       0.00000000       0.00000000       0.00000000       0.00000000       0.00000000       0.00000000       0.00000000       0.00000000       0.00000000       0.00000000       0.00000000       0.00000000       0.00000000       0.00000000       0.00000000       0.00000000       0.00000000      
  0.05700000       5.22334507E-03   2974.13035798    -1.88733468      0.42957571       3.92821200       0.00000000       0.00000000       0.00000000       0.00000000       0.00000000       0.00000000       0.00000000       0.00000000       0.00000000       0.00000000       0.00000000       0.00000000       0.00000000       0.00000000       0.00000000       0.00000000       0.00000000       0.00000000       0.00000000       0.00000000       0.00000000       0.00000000       0.00000000       0.00000000       0.00000000       0.00000000       0.00000000       0.00000000       0.00000000      
  0.05700000       6.61474064E-03   2970.85610062    -2.00453773      0.37618133       4.04349494       0.00000000       0.00000000       0.00000000       0.00000000       0.00000000       0.00000000       0.00000000       0.00000000       0.00000000       0.00000000       0.00000000       0.00000000       0.00000000       0.00000000       0.00000000       0.00000000       0.00000000       0.00000000       0.00000000       0.00000000       0.00000000       0.00000000       0.00000000       0.00000000       0.00000000       0.00000000       0.00000000       0.00000000       0.00000000      
  0.05700000       8.37677640E-03   2960.87797822    -2.11015547      0.33535482       4.14328301       0.00000000       0.00000000       0.00000000       0.00000000       0.00000000       0.00000000       0.00000000       0.00000000       0.00000000       0.00000000       0.00000000       0.00000000       0.00000000       0.00000000       0.00000000       0.00000000       0.00000000       0.00000000       0.00000000       0.00000000       0.00000000       0.00000000       0.00000000       0.00000000       0.00000000       0.00000000       0.00000000       0.00000000       0.00000000      
  0.05700000       1.06081836E-02   2950.24178359    -2.20643569      0.30233368       4.23331796       0.00000000       0.00000000       0.00000000       0.00000000       0.00000000       0.00000000       0.00000000       0.00000000       0.00000000       0.00000000       0.00000000       0.00000000       0.00000000       0.00000000       0.00000000       0.00000000       0.00000000       0.00000000       0.00000000       0.00000000       0.00000000       0.00000000       0.00000000       0.00000000       0.00000000       0.00000000       0.00000000       0.00000000       0.00000000      
  0.05700000       1.34339933E-02   2939.27797183    -2.29618003      0.27469678       4.31658414       0.00000000       0.00000000       0.00000000       0.00000000       0.00000000       0.00000000       0.00000000       0.00000000       0.00000000       0.00000000       0.00000000       0.00000000       0.00000000       0.00000000       0.00000000       0.00000000       0.00000000       0.00000000       0.00000000       0.00000000       0.00000000       0.00000000       0.00000000       0.00000000       0.00000000       0.00000000       0.00000000       0.00000000       0.00000000      
  0.05700000       1.70125428E-02   2925.90251379    -2.38281248      0.25089745       4.39529796       0.00000000       0.00000000       0.00000000       0.00000000       0.00000000       0.00000000       0.00000000       0.00000000       0.00000000       0.00000000       0.00000000       0.00000000       0.00000000       0.00000000       0.00000000       0.00000000       0.00000000       0.00000000       0.00000000       0.00000000       0.00000000       0.00000000       0.00000000       0.00000000       0.00000000       0.00000000       0.00000000       0.00000000       0.00000000      
  0.05700000       2.15443469E-02   2907.44762803    -2.46901873      0.23008507       4.47051522       0.00000000       0.00000000       0.00000000       0.00000000       0.00000000       0.00000000       0.00000000       0.00000000       0.00000000       0.00000000       0.00000000       0.00000000       0.00000000       0.00000000       0.00000000       0.00000000       0.00000000       0.00000000       0.00000000       0.00000000       0.00000000       0.00000000       0.00000000       0.00000000       0.00000000       0.00000000       0.00000000       0.00000000       0.00000000      
  0.05700000       2.72833338E-02   2891.46366958    -2.55031730      0.21185620       4.54220823       0.00000000       0.00000000       0.00000000       0.00000000       0.00000000       0.00000000       0.00000000       0.00000000       0.00000000       0.00000000       0.00000000       0.00000000       0.00000000       0.00000000       0.00000000       0.00000000       0.00000000       0.00000000       0.00000000       0.00000000       0.00000000       0.00000000       0.00000000       0.00000000       0.00000000       0.00000000       0.00000000       0.00000000       0.00000000      
  0.05700000       3.45510729E-02   2862.01942654    -2.63745416      0.19559331       4.61158320       0.00000000       0.00000000       0.00000000       0.00000000       0.00000000       0.00000000       0.00000000       0.00000000       0.00000000       0.00000000       0.00000000       0.00000000       0.00000000       0.00000000       0.00000000       0.00000000       0.00000000       0.00000000       0.00000000       0.00000000       0.00000000       0.00000000       0.00000000       0.00000000       0.00000000       0.00000000       0.00000000       0.00000000       0.00000000      
  0.05700000       4.37547938E-02   2828.86397679    -2.72418910      0.18117611       4.67808893       0.00000000       0.00000000       0.00000000       0.00000000       0.00000000       0.00000000       0.00000000       0.00000000       0.00000000       0.00000000       0.00000000       0.00000000       0.00000000       0.00000000       0.00000000       0.00000000       0.00000000       0.00000000       0.00000000       0.00000000       0.00000000       0.00000000       0.00000000       0.00000000       0.00000000       0.00000000       0.00000000       0.00000000       0.00000000      
  0.05700000       5.54102033E-02   2794.67191789    -2.80948525      0.16827743       4.74224009       0.00000000       0.00000000       0.00000000       0.00000000       0.00000000       0.00000000       0.00000000       0.00000000       0.00000000       0.00000000       0.00000000       0.00000000       0.00000000       0.00000000       0.00000000       0.00000000       0.00000000       0.00000000       0.00000000       0.00000000       0.00000000       0.00000000       0.00000000       0.00000000       0.00000000       0.00000000       0.00000000       0.00000000       0.00000000      
  0.05700000       7.01703829E-02   2750.36137394    -2.89909771      0.15670926       4.80410245       0.00000000       0.00000000       0.00000000       0.00000000       0.00000000       0.00000000       0.00000000       0.00000000       0.00000000       0.00000000       0.00000000       0.00000000       0.00000000       0.00000000       0.00000000       0.00000000       0.00000000       0.00000000       0.00000000       0.00000000       0.00000000       0.00000000       0.00000000       0.00000000       0.00000000       0.00000000       0.00000000       0.00000000       0.00000000      
  0.05700000       8.88623816E-02   2700.10991679    -2.99049923      0.14635714       4.86346237       0.00000000       0.00000000       0.00000000       0.00000000       0.00000000       0.00000000       0.00000000       0.00000000       0.00000000       0.00000000       0.00000000       0.00000000       0.00000000       0.00000000       0.00000000       0.00000000       0.00000000       0.00000000       0.00000000       0.00000000       0.00000000       0.00000000       0.00000000       0.00000000       0.00000000       0.00000000       0.00000000       0.00000000       0.00000000      
  0.05700000       1.12533558E-01   2640.21665954    -3.08610520      0.13711802       4.92010254       0.00000000       0.00000000       0.00000000       0.00000000       0.00000000       0.00000000       0.00000000       0.00000000       0.00000000       0.00000000       0.00000000       0.00000000       0.00000000       0.00000000       0.00000000       0.00000000       0.00000000       0.00000000       0.00000000       0.00000000       0.00000000       0.00000000       0.00000000       0.00000000       0.00000000       0.00000000       0.00000000       0.00000000       0.00000000      
  0.05700000       1.42510267E-01   2570.63743045    -3.18644171      0.12886281       4.97403600       0.00000000       0.00000000       0.00000000       0.00000000       0.00000000       0.00000000       0.00000000       0.00000000       0.00000000       0.00000000       0.00000000       0.00000000       0.00000000       0.00000000       0.00000000       0.00000000       0.00000000       0.00000000       0.00000000       0.00000000       0.00000000       0.00000000       0.00000000       0.00000000       0.00000000       0.00000000       0.00000000       0.00000000       0.00000000      
  0.05700000       1.80472177E-01   2490.39336530    -3.29260176      0.12150512       5.02510062       0.00000000       0.00000000       0.00000000       0.00000000       0.00000000       0.00000000       0.00000000       0.00000000       0.00000000       0.00000000       0.00000000       0.00000000       0.00000000       0.00000000       0.00000000       0.00000000       0.00000000       0.00000000       0.00000000       0.00000000       0.00000000       0.00000000       0.00000000       0.00000000       0.00000000       0.00000000       0.00000000       0.00000000       0.00000000      
  0.05700000       2.28546386E-01   2400.93530089    -3.40369581      0.11503115       5.07265819       0.00000000       0.00000000       0.00000000       0.00000000       0.00000000       0.00000000       0.00000000       0.00000000       0.00000000       0.00000000       0.00000000       0.00000000       0.00000000       0.00000000       0.00000000       0.00000000       0.00000000       0.00000000       0.00000000       0.00000000       0.00000000       0.00000000       0.00000000       0.00000000       0.00000000       0.00000000       0.00000000       0.00000000       0.00000000      
  0.05700000       2.89426612E-01   2290.37920290    -3.52899057      0.10942476       5.11605806       0.00000000       0.00000000       0.00000000       0.00000000       0.00000000       0.00000000       0.00000000       0.00000000       0.00000000       0.00000000       0.00000000       0.00000000       0.00000000       0.00000000       0.00000000       0.00000000       0.00000000       0.00000000       0.00000000       0.00000000       0.00000000       0.00000000       0.00000000       0.00000000       0.00000000       0.00000000       0.00000000       0.00000000       0.00000000      
  0.05700000       3.66524124E-01   2177.83928764    -3.65530486      0.10464576       5.15484597       0.00000000       0.00000000       0.00000000       0.00000000       0.00000000       0.00000000       0.00000000       0.00000000       0.00000000       0.00000000       0.00000000       0.00000000       0.00000000       0.00000000       0.00000000       0.00000000       0.00000000       0.00000000       0.00000000       0.00000000       0.00000000       0.00000000       0.00000000       0.00000000       0.00000000       0.00000000       0.00000000       0.00000000       0.00000000      
  0.05700000       4.64158883E-01   2065.04881287    -3.78266518      0.10051602       5.18981869       0.00000000       0.00000000       0.00000000       0.00000000       0.00000000       0.00000000       0.00000000       0.00000000       0.00000000       0.00000000       0.00000000       0.00000000       0.00000000       0.00000000       0.00000000       0.00000000       0.00000000       0.00000000       0.00000000       0.00000000       0.00000000       0.00000000       0.00000000       0.00000000       0.00000000       0.00000000       0.00000000       0.00000000       0.00000000      
  0.05700000       5.87801607E-01   1943.16990464    -3.91951182      0.09697088       5.22100652       0.00000000       0.00000000       0.00000000       0.00000000       0.00000000       0.00000000       0.00000000       0.00000000       0.00000000       0.00000000       0.00000000       0.00000000       0.00000000       0.00000000       0.00000000       0.00000000       0.00000000       0.00000000       0.00000000       0.00000000       0.00000000       0.00000000       0.00000000       0.00000000       0.00000000       0.00000000       0.00000000       0.00000000       0.00000000      
  0.05700000       7.44380301E-01   1817.80942795    -4.06269482      0.09396679       5.24834033       0.00000000       0.00000000       0.00000000       0.00000000       0.00000000       0.00000000       0.00000000       0.00000000       0.00000000       0.00000000       0.00000000       0.00000000       0.00000000       0.00000000       0.00000000       0.00000000       0.00000000       0.00000000       0.00000000       0.00000000       0.00000000       0.00000000       0.00000000       0.00000000       0.00000000       0.00000000       0.00000000       0.00000000       0.00000000      
  0.05700000       9.42668455E-01   1701.95434249    -4.20098659      0.09141820       5.27222455       12.75764679      10.64176129      12.25085760      12.22454891      12.83600233      12.03867055      11.12084317      11.90123180      11.36402036      10.74515930      13.21406495      11.18650293      12.66595079      15.29430182      20.06060013      11.65584254      12.38283521      12.79972910      11.68900145      13.69428169      13.38033164      11.85939790      12.11059458      12.58331637      11.79868982      11.65563778      12.85428742      12.01748431      11.25113802     
  0.05700000       1.19377664E+00   1589.28486976    -4.34124997      0.08920781       5.29348346       13.12419115      10.89347712      12.90845305      12.61960163      13.20438863      12.42990078      11.38649237      12.32144768      11.81032330      11.01218848      13.64873431      11.45162496      13.05081958      15.67349722      21.03015932      11.92629569      12.74922420      13.23118338      11.96888080      14.14005896      13.65956480      12.25069853      12.75054624      13.00031143      12.08368075      11.92377076      13.27825080      12.38599386      11.74418932     
  0.05700000       1.51177507E+00   1486.66493882    -4.47619804      0.08727578       5.31250172       13.50802991      11.15033294      13.49965664      13.01153721      13.56771021      12.81808077      11.65475911      12.72931596      12.23718104      11.29110909      14.09406453      11.71274736      13.44091341      16.04064605      21.87948277      12.18012205      13.10878190      13.67592359      12.23395631      14.60173185      13.90805556      12.68477688      13.31197536      13.41872387      12.35329294      12.17595936      13.71586978      12.78198944      12.21377212     
  0.05700000       1.91448198E+00   1395.60866675    -4.60344690      0.08554015       5.32994920       13.91415256      11.40012820      14.00827267      13.38677665      13.92481869      13.18814324      11.91163158      13.10393004      12.61466456      11.56318251      14.55349985      11.95924973      13.83070132      16.41894154      22.62112588      12.41231169      13.45756663      14.11989867      12.47890912      15.10135161      14.14559969      13.15600600      13.79040602      13.82832305      12.60216558      12.40792519      14.16732801      13.19966394      12.61238870     
  0.05700000       2.42446202E+00   1289.88243977    -4.75605162      0.08400283       5.34570126       14.41165362      11.68753809      14.58188521      13.81786381      14.34482842      13.61231291      12.19757543      13.52374561      13.02742968      11.87056977      15.10555024      12.22915712      14.29155942      16.89605822      23.42739700      12.66139912      13.86294229      14.64973840      12.74524651      15.68587978      14.43541726      13.75827844      14.32733982      14.30464391      12.87239195      12.65778502      14.71267110      13.71868465      13.03946981     
  0.05700000       3.07029063E+00   1204.35240560    -4.88924704      0.08265854       5.35971368       14.84944984      11.93359432      15.05748276      14.20389820      14.71882613      13.99351732      12.43425186      13.87608504      13.36223781      12.12537518      15.61127577      12.44896368      14.70845554      17.33123546      24.10862150      12.86835310      14.22452852      15.13035578      12.96932788      16.21721706      14.71798305      14.29519504      14.78333318      14.73025235      13.09782306      12.86721799      15.20369985      14.16917542      13.38673378     
  0.05700000       3.88815518E+00   1122.88258772    -5.02337114      0.08148227       5.37216281       15.26196074      12.16519825      15.52416358      14.58858368      15.09433655      14.37612333      12.64689420      14.20613008      13.67158736      12.35982246      16.11540848      12.63973148      15.11716332      17.76692751      24.71894706      13.04355776      14.57642668      15.60241431      13.16038141      16.73492278      15.03166874      14.79714153      15.21230188      15.15106800      13.28861610      13.04797590      15.68935979      14.58897979      13.71014103     
  0.05700000       4.92388263E+00   1051.84300215    -5.14821802      0.08042963       5.38345691       15.62795539      12.37711147      15.98549670      14.94530094      15.44510059      14.73130910      12.83849378      14.50825805      13.95460524      12.57303728      16.58681662      12.80988643      15.49777493      18.16769765      25.23827684      13.19785577      14.90624822      16.04490528      13.33020881      17.20772235      15.34085240      15.25842896      15.62246781      15.54018257      13.45731288      13.20691887      16.14282779      14.96015730      14.00726838     
  0.05700000       6.23550734E+00   986.86260455     -5.26926247      0.07948286       5.39374209       15.97859352      12.58134928      16.43807727      15.32922301      15.79813589      15.11510906      13.00771826      14.79565576      14.22033949      12.77098612      17.08100132      12.95614233      15.88449694      18.56530886      25.71132382      13.31509730      15.24191910      16.49314250      13.45982909      17.67169990      15.65866903      15.70116124      16.02335705      15.95138056      13.58065768      13.33494098      16.60706469      15.31197374      14.28575567     
  0.05700000       7.89652287E+00   932.53477004     -5.37720992      0.07861228       5.40330834       16.28597986      12.76174061      16.83111111      15.68307612      16.11578323      15.46935066      13.15339512      15.04535687      14.45169802      12.94457983      17.52732760      13.08434128      16.22824668      18.91875142      26.06434176      13.40849748      15.54082638      16.89144265      13.56382559      18.07951188      15.94962097      16.08662560      16.37215351      16.32634500      13.67603187      13.44192413      17.02470378      15.61918391      14.53005337     
  0.05700000       1.00000000E+01   885.07377541     -5.47729896      0.07776977       5.41266751       16.57524029      12.93682813      17.20884450      16.02326374      16.41871170      15.80956568      13.29379750      15.28537902      14.67495374      13.11175900      17.95937254      13.20146364      16.55840783      19.25382951      26.38740130      13.50062790      15.82889172      17.27662163      13.66705021      18.47005681      16.22716054      16.46298643      16.70798768      16.68661465      13.77152606      13.54473489      17.43165286      15.90708090      14.76600572     
