# Mass             Age              Teff             Luminosity       Radius           Gravity          NIRCAM-F460M     NIRCAM-F480M     NIRCAM-F322W2    NIRCAM-F356W     NIRCAM-F410M     NIRCAM-F300M     NIRCAM-F250M     NIRCAM-F335M     NIRCAM-F430M     NIRCAM-F444W     NIRCAM-F360M    
# M/Msun           Gyr              K                L/Lsun           R/Rsun           log(g[cm/s^2])  
  0.05100000       1.00000000E-03   2943.30679563    -1.61577854      0.59960687       3.59025274       0.00000000       0.00000000       0.00000000       0.00000000       0.00000000       0.00000000       0.00000000       0.00000000       0.00000000       0.00000000       0.00000000      
  0.05100000       1.26638017E-03   2942.99822388    -1.63611145      0.58585052       3.61041144       0.00000000       0.00000000       0.00000000       0.00000000       0.00000000       0.00000000       0.00000000       0.00000000       0.00000000       0.00000000       0.00000000      
  0.05100000       1.60371874E-03   2942.84434602    -1.64689330      0.57869033       3.62109244       0.00000000       0.00000000       0.00000000       0.00000000       0.00000000       0.00000000       0.00000000       0.00000000       0.00000000       0.00000000       0.00000000      
  0.05100000       2.03091762E-03   2942.64807767    -1.65818462      0.57129169       3.63226885       0.00000000       0.00000000       0.00000000       0.00000000       0.00000000       0.00000000       0.00000000       0.00000000       0.00000000       0.00000000       0.00000000      
  0.05100000       2.57191381E-03   2942.34663494    -1.67505884      0.56041254       3.64896912       0.00000000       0.00000000       0.00000000       0.00000000       0.00000000       0.00000000       0.00000000       0.00000000       0.00000000       0.00000000       0.00000000      
  0.05100000       3.25702066E-03   2941.84644367    -1.70511898      0.54153125       3.67873765       0.00000000       0.00000000       0.00000000       0.00000000       0.00000000       0.00000000       0.00000000       0.00000000       0.00000000       0.00000000       0.00000000      
  0.05100000       4.12462638E-03   2940.89825726    -1.77573905      0.49956986       3.74879203       0.00000000       0.00000000       0.00000000       0.00000000       0.00000000       0.00000000       0.00000000       0.00000000       0.00000000       0.00000000       0.00000000      
  0.05100000       5.22334507E-03   2939.38791005    -1.92342844      0.42188897       3.89559075       0.00000000       0.00000000       0.00000000       0.00000000       0.00000000       0.00000000       0.00000000       0.00000000       0.00000000       0.00000000       0.00000000      
  0.05100000       6.61474064E-03   2936.09283472    -2.05176822      0.36476078       4.02197120       0.00000000       0.00000000       0.00000000       0.00000000       0.00000000       0.00000000       0.00000000       0.00000000       0.00000000       0.00000000       0.00000000      
  0.05100000       8.37677640E-03   2924.08141883    -2.16512120      0.32276588       4.12821155       0.00000000       0.00000000       0.00000000       0.00000000       0.00000000       0.00000000       0.00000000       0.00000000       0.00000000       0.00000000       0.00000000      
  0.05100000       1.06081836E-02   2911.73506119    -2.26628697      0.28971825       4.22203579       0.00000000       0.00000000       0.00000000       0.00000000       0.00000000       0.00000000       0.00000000       0.00000000       0.00000000       0.00000000       0.00000000      
  0.05100000       1.34339933E-02   2897.77605406    -2.36038873      0.26247934       4.30779452       0.00000000       0.00000000       0.00000000       0.00000000       0.00000000       0.00000000       0.00000000       0.00000000       0.00000000       0.00000000       0.00000000      
  0.05100000       1.70125428E-02   2875.25945895    -2.45419844      0.23931421       4.38804896       0.00000000       0.00000000       0.00000000       0.00000000       0.00000000       0.00000000       0.00000000       0.00000000       0.00000000       0.00000000       0.00000000      
  0.05100000       2.15443469E-02   2859.41735319    -2.53880551      0.21951185       4.46306969       0.00000000       0.00000000       0.00000000       0.00000000       0.00000000       0.00000000       0.00000000       0.00000000       0.00000000       0.00000000       0.00000000      
  0.05100000       2.72833338E-02   2832.10460379    -2.62757099      0.20203196       4.53514620       0.00000000       0.00000000       0.00000000       0.00000000       0.00000000       0.00000000       0.00000000       0.00000000       0.00000000       0.00000000       0.00000000      
  0.05100000       3.45510729E-02   2798.14298839    -2.71709924      0.18669927       4.60370072       0.00000000       0.00000000       0.00000000       0.00000000       0.00000000       0.00000000       0.00000000       0.00000000       0.00000000       0.00000000       0.00000000      
  0.05100000       4.37547938E-02   2760.73193525    -2.80597789      0.17313613       4.66921118       0.00000000       0.00000000       0.00000000       0.00000000       0.00000000       0.00000000       0.00000000       0.00000000       0.00000000       0.00000000       0.00000000      
  0.05100000       5.54102033E-02   2716.12784895    -2.89707663      0.16105973       4.73201065       0.00000000       0.00000000       0.00000000       0.00000000       0.00000000       0.00000000       0.00000000       0.00000000       0.00000000       0.00000000       0.00000000      
  0.05100000       7.01703829E-02   2663.18580530    -2.99121993      0.15032139       4.79194440       0.00000000       0.00000000       0.00000000       0.00000000       0.00000000       0.00000000       0.00000000       0.00000000       0.00000000       0.00000000       0.00000000      
  0.05100000       8.88623816E-02   2602.98171072    -3.08789099      0.14078130       4.84889586       0.00000000       0.00000000       0.00000000       0.00000000       0.00000000       0.00000000       0.00000000       0.00000000       0.00000000       0.00000000       0.00000000      
  0.05100000       1.12533558E-01   2531.49992024    -3.19034419      0.13228019       4.90299573       0.00000000       0.00000000       0.00000000       0.00000000       0.00000000       0.00000000       0.00000000       0.00000000       0.00000000       0.00000000       0.00000000      
  0.05100000       1.42510267E-01   2451.73465403    -3.29705001      0.12472446       4.95408324       0.00000000       0.00000000       0.00000000       0.00000000       0.00000000       0.00000000       0.00000000       0.00000000       0.00000000       0.00000000       0.00000000      
  0.05100000       1.80472177E-01   2359.86869925    -3.41085266      0.11809195       5.00154603       0.00000000       0.00000000       0.00000000       0.00000000       0.00000000       0.00000000       0.00000000       0.00000000       0.00000000       0.00000000       0.00000000      
  0.05100000       2.28546386E-01   2248.41569408    -3.53800127      0.11237570       5.04464139       0.00000000       0.00000000       0.00000000       0.00000000       0.00000000       0.00000000       0.00000000       0.00000000       0.00000000       0.00000000       0.00000000      
  0.05100000       2.89426612E-01   2138.64743308    -3.66347863      0.10750014       5.08316707       0.00000000       0.00000000       0.00000000       0.00000000       0.00000000       0.00000000       0.00000000       0.00000000       0.00000000       0.00000000       0.00000000      
  0.05100000       3.66524124E-01   2022.48749679    -3.79524380      0.10328347       5.11792420       0.00000000       0.00000000       0.00000000       0.00000000       0.00000000       0.00000000       0.00000000       0.00000000       0.00000000       0.00000000       0.00000000      
  0.05100000       4.64158883E-01   1901.28310193    -3.93361375      0.09966126       5.14893290       0.00000000       0.00000000       0.00000000       0.00000000       0.00000000       0.00000000       0.00000000       0.00000000       0.00000000       0.00000000       0.00000000      
  0.05100000       5.87801607E-01   1777.66717419    -4.07759753      0.09658910       5.17612852       11.46987463      11.34424593      11.59804276      11.10009625      10.50241335      12.05295775      12.41057093      11.81782814      10.89848349      10.84070799      10.98506980     
  0.05100000       7.44380301E-01   1663.30135598    -4.21711181      0.09395801       5.20011743       11.73454153      11.59598981      12.00291762      11.52899253      10.75997006      12.41610016      12.82522002      12.44734211      11.16679472      11.09716785      11.45929944     
  0.05100000       9.42668455E-01   1551.60354115    -4.35923481      0.09167462       5.22148698       11.99513788      11.84343295      12.42724203      11.97421912      11.04949980      12.79237762      13.28356210      13.02785512      11.44860141      11.37387260      11.95868776     
  0.05100000       1.19377664E+00   1453.46334141    -4.49190245      0.08967587       5.24063322       12.24506014      12.07984235      12.82003411      12.37390543      11.33682829      13.14880612      13.73828917      13.51139460      11.72090799      11.64466940      12.38826989     
  0.05100000       1.51177507E+00   1356.24283704    -4.62963144      0.08788691       5.25813605       12.47565832      12.29988790      13.21310298      12.76268373      11.62891150      13.51855730      14.22082816      13.98935541      11.97924605      11.91172532      12.79042169     
  0.05100000       1.91448198E+00   1259.60684240    -4.77368176      0.08632025       5.27375919       12.70045072      12.51323296      13.60880199      13.14547787      11.92261149      13.90337949      14.73372122      14.48308325      12.23059169      12.17722236      13.18105868     
  0.05100000       2.42446202E+00   1169.89083973    -4.91616874      0.08492745       5.28788826       12.88601725      12.69744726      13.97758427      13.48967763      12.18633078      14.28869445      15.25293345      14.95192753      12.44238293      12.40962785      13.53527546     
  0.05100000       3.07029063E+00   1083.74467580    -5.06137196      0.08373240       5.30019740       13.05208478      12.86575795      14.33398597      13.81856252      12.43659022      14.67601496      15.77932398      15.42008022      12.63578745      12.62669415      13.87789980     
  0.05100000       3.88815518E+00   1008.24630632    -5.19796011      0.08266407       5.31135088       13.17847520      13.00688591      14.67155747      14.12886980      12.66735823      15.06322173      16.30250518      15.88770122      12.80513422      12.81954792      14.20412625     
  0.05100000       4.92388263E+00   937.70739715     -5.33374883      0.08173739       5.32114290       13.28069242      13.13614912      14.98889878      14.42044890      12.88701939      15.44513231      16.81692741      16.33397315      12.97140346      12.99913742      14.51257903     
  0.05100000       6.23550734E+00   882.67473083     -5.44745330      0.08092659       5.32980191       13.35986643      13.23840251      15.25984966      14.67030206      13.07366189      15.77666516      17.26359438      16.71673275      13.09879920      13.14847711      14.77704269     
  0.05100000       7.89652287E+00   838.30944336     -5.54536392      0.08015446       5.33812902       13.42457372      13.32947008      15.49058736      14.88375486      13.23430471      16.07168003      17.65542841      17.05659873      13.21367527      13.27727582      15.00331578     
  0.05100000       1.00000000E+01   796.03483773     -5.64345306      0.07940138       5.34632834       13.50235402      13.43725195      15.71764602      15.09518517      13.39772060      16.37477336      18.05587539      17.40333549      13.34735126      13.41253967      15.22871320     
