# Mass             Age              Teff             Luminosity       Radius           Gravity          NIRCAM-F322W2    NIRCAM-F164N     NIRCAM-F090W     NIRCAM-F277W     NIRCAM-F162M     NIRCAM-F115W     NIRCAM-F410M     NIRCAM-F300M     NIRCAM-F444W     NIRCAM-F250M     NIRCAM-F430M     NIRCAM-F323N     NIRCAM-F212N     NIRCAM-F466N     NIRCAM-F460M     NIRCAM-F200W     NIRCAM-F070W     NIRCAM-F182M     NIRCAM-F360M     NIRCAM-F405N     NIRCAM-F335M     NIRCAM-F140M     NIRCAM-F150W     NIRCAM-F187N     NIRCAM-F480M     NIRCAM-F210M     NIRCAM-F470N     NIRCAM-F356W     NIRCAM-F150W2   
# M/Msun           Gyr              K                L/Lsun           R/Rsun           log(g[cm/s^2])  
  0.03500000       1.00000000E-03   2835.35355687    -1.88410751      0.47441278       3.63017215       6.38318734       6.74444565       8.70649659       6.58226435       6.84181178       7.68081059       5.97261791       6.53586426       6.01115879       6.62337007       6.00579383       6.38189684       6.65034742       6.01755205       6.05257781       6.77279670       10.57643829      6.85661670       6.11158991       5.94806908       6.28336641       7.36856442       7.15986434       6.89540831       6.04254444       6.67871307       6.04935341       6.16853030       7.17104141      
  0.03500000       1.26638017E-03   2832.54731576    -1.93552589      0.44803895       3.67985315       6.51104991       6.87178634       8.83484420       6.71152463       6.96926265       7.80932368       6.09891718       6.66509862       6.13845525       6.75219515       6.13281117       6.50961831       6.77737160       6.14600920       6.18112046       6.90084770       10.70852137      6.98515090       6.23792338       6.07426298       6.41048254       7.49753072       7.28805196       7.02439962       6.17073767       6.80619184       6.17753266       6.29518464       7.29916857      
  0.03500000       1.60371874E-03   2830.78078244    -1.96638376      0.43292604       3.70965525       6.58788252       6.94813054       8.91206349       6.78926367       7.04569501       7.88648037       6.17473181       6.74282481       6.21493299       6.82965041       6.20910631       6.58637594       6.85362529       6.22325392       6.25842728       6.97774776       10.78832203      7.06234342       6.31376590       6.15000657       6.48684496       7.57500143       7.36499907       7.10191711       6.24782035       6.88273444       6.25460776       6.37123637       7.37608622      
  0.03500000       2.03091762E-03   2829.96995875    -1.98125461      0.42583298       3.72400394       6.62484570       6.98478718       8.94916987       6.82666991       7.08239927       7.92355920       6.21119871       6.78022842       6.25173491       6.86691391       6.24581569       6.62330877       6.89027932       6.26044221       6.29564834       7.01471191       10.82668218      7.09944295       6.35024488       6.18643793       6.52358255       7.61222668       7.40196250       7.13918435       6.28493008       6.91952868       6.29171322       6.40781888       7.41304739      
  0.03500000       2.57191381E-03   2829.37104493    -1.99092033      0.42128889       3.73332227       6.64892511       7.00867947       8.97342358       6.85105412       7.10632496       7.94773308       6.23493397       6.80460773       6.27569522       6.89120446       6.26971480       6.64736647       6.91416320       6.28466101       6.31989029       7.03880926       10.85186303      7.12363479       6.37399199       6.21014871       6.54750708       7.63651609       7.42607127       7.16349159       6.30909778       6.94350834       6.31587903       6.43163624       7.43714470      
  0.03500000       3.25702066E-03   2828.67247905    -2.00316683      0.41560660       3.74511766       6.67935044       7.03882187       9.00400379       6.88186003       7.13651122       7.97824564       6.26493172       6.83541097       6.30598289       6.92188909       6.29992287       6.67776869       6.94432144       6.31528152       6.35054094       7.06923084       10.88356473      7.15416953       6.40400187       6.24011544       6.57774127       7.66716156       7.45648805       7.19417531       6.33965349       6.97378600       6.34643151       6.46173503       7.46755888      
  0.03500000       4.12462638E-03   2827.43062815    -2.02256223      0.40677556       3.76377308       6.72761512       7.08664677       9.05266823       6.93076251       7.18441175       8.02667844       6.31247474       6.88430358       6.35400316       6.97059648       6.34781392       6.72599440       6.99216747       6.36384724       6.39915888       7.11751744       10.93423418      7.20264707       6.45157188       6.28760626       6.62568718       7.71584505       7.50478590       7.24290426       6.38811659       7.02183068       6.39489096       6.50945239       7.51583505      
  0.03500000       5.22334507E-03   2825.00322357    -2.05896839      0.39075447       3.79867446       6.81804934       7.17613730       9.14397336       7.02244751       7.27406147       8.11739323       6.40149011       6.97596887       6.44396485       7.06190215       6.43752066       6.81636453       7.08176889       6.45488502       6.49030657       7.20797192       11.02961118      7.29346411       6.54064532       6.37651748       6.71550655       7.80707349       7.59524306       7.33423277       6.47896215       7.11181841       6.48572953       6.59881525       7.60625068      
  0.03500000       6.61474064E-03   2817.73659070    -2.15186983      0.35292152       3.88712601       7.04855438       7.40368459       9.37796919       7.25656534       7.50213134       8.34856038       6.62785828       7.21000511       6.67307854       7.29497267       6.66591042       7.04674828       7.30994545       6.68708471       6.72286398       7.43855965       11.27654917      7.52505022       6.76723598       6.60257516       6.94429616       8.03997215       7.82582912       7.56739330       6.71067206       7.34108986       6.71741793       6.82623682       7.83664086      
  0.03500000       8.37677640E-03   2799.19876897    -2.31287349      0.29711110       4.03664726       7.44550362       7.79394190       9.78776980       7.66183758       7.89383558       8.74670814       7.01507902       7.61492807       7.06643526       7.69806317       7.05778406       7.44362766       7.70245080       7.08724323       7.12389695       7.83646466       11.72143992      7.92516276       7.15528799       6.98904384       7.33754274       8.44374946       8.22403211       7.97146007       7.10991139       7.73602670       7.11653414       7.21614181       8.23372799      
  0.03500000       1.06081836E-02   2764.75287140    -2.45385804      0.25892647       4.15613036       7.78494238       8.12802873       10.15958948      8.01390338       8.23034476       9.08988712       7.33943312       7.96591002       7.39890119       8.04743731       7.38868121       7.78294043       8.03871456       7.42874161       7.46647695       8.18092837       12.15741064      8.27328281       7.48161393       7.31221892       7.67162900       8.79980460       8.57141473       8.32565860       7.45021888       8.07583435       7.45654563       7.54502927       8.57701691      
  0.03500000       1.34339933E-02   2737.32148204    -2.57011657      0.23105774       4.25504209       8.06643618       8.40100068       10.46675121      8.30710239       8.50574658       9.37225815       7.60749676       8.25801383       7.67518041       8.33804969       7.66333219       8.06448635       8.31589316       7.71405640       7.75312308       8.46542115       12.52115384      8.56079520       7.75122220       7.57912666       7.94841922       9.09386654       8.85708947       8.61920486       7.73461487       8.35623860       7.74058897       7.81696255       8.85966662      
  0.03500000       1.70125428E-02   2695.94479727    -2.68389069      0.20895558       4.34237698       8.33626419       8.66120082       10.77893138      8.59438749       8.76945033       9.64481137       7.85798848       8.54309034       7.93687447       8.62187198       7.92318712       8.33378652       8.58080343       7.98760555       8.02902861       8.74123646       12.91875388      8.84135909       8.00394955       7.82786712       8.21117848       9.38518733       9.13594331       8.90847545       8.00770505       8.62584250       8.01341243       8.07284646       9.13313407      
  0.03500000       2.15443469E-02   2653.68837461    -2.78953227      0.19096367       4.42058103       8.58627524       8.89925003       11.07372245      8.86404102       9.01139879       9.89674367       8.08728969       8.80966515       8.17907027       8.88796585       8.16341707       8.58277618       8.82472927       8.24128809       8.28724953       8.99706976       13.30362479      9.10235418       8.23535480       8.05513441       8.45329118       9.65831818       9.39479909       9.17923807       8.26333133       8.87486902       8.26858908       8.30753854       9.38618918      
  0.03500000       2.72833338E-02   2603.38300229    -2.89445770      0.17584081       4.49224488       8.83234106       9.13017573       11.37456288      9.13610568       9.24708909       10.14635550      8.30806470       9.07685412       8.41650674       9.15563782       8.39860367       8.82656665       9.06246205       8.49497697       8.54644050       9.25043414       13.71505362      9.36261722       8.45802626       8.27306520       8.68890186       9.93411318       9.65169436       9.45200130       8.51874102       9.11920977       8.52360712       8.53411683       9.63636450      
  0.03500000       3.45510729E-02   2540.69331989    -3.00259109      0.16301558       4.55802668       9.08356113       9.36095063       11.69441134      9.42374468       9.48407384       10.40318817      8.52668245       9.35668935       8.65848278       9.43756499       8.63733964       9.07374843       9.30166987       8.76823298       8.82217914       9.51126438       14.17696440      9.63314926       8.67823253       8.48739443       8.92574900       10.22539082      9.91674295       9.73955927       8.78652076       9.36746294       8.79058633       8.75923475       9.89314656      
  0.03500000       4.37547938E-02   2471.47935680    -3.11090647      0.15207449       4.61837187       9.33502704       9.58593824       12.01845585      9.72357849       9.71618867       10.66341762      8.74042140       9.64367663       8.90282181       9.73125582       8.87824133       9.31798610       9.53659244       9.05333058       9.11373491       9.77392037       14.66284310      9.90859892       8.89196738       8.69511677       9.15849085       10.52526215      10.18206647      10.03643397      9.06713737       9.61372790       9.06983103       8.97843736       10.15113833     
  0.03500000       5.54102033E-02   2393.48297223    -3.22303328      0.14251197       4.67478110       9.59214097       9.81329633       12.35792603      10.04067589      9.95162088       10.93502160      8.95531109       9.94234049       9.15482881       10.04269410      9.12705597       9.56523973       9.77568509       9.35428965       9.42545480       10.04646840      15.18164775      10.19706571      9.10561038       8.90229300       9.39368784       10.84285551      10.45597726      10.35060155      9.36614416       9.86615047       9.36721555       9.19804309       10.41836938     
  0.03500000       7.01703829E-02   2303.71816713    -3.34129666      0.13425308       4.72663449       9.85742381       10.04910247      12.72834960      10.38113045      10.19561206      11.22945014      9.17474482       10.25465438      9.41791690       10.38187275      9.38764455       9.81676539       10.02525393      9.68110572       9.76793956       10.33750012      15.75425887      10.50893164      9.32182975       9.11211439       9.63422429       11.18801363      10.74429299      10.69378527      9.69129448       10.13147217      9.69334484       9.42052422       10.70357584     
  0.03500000       8.88623816E-02   2196.53116966    -3.47093959      0.12719729       4.77352822       10.13083361      10.29944544      13.16016691      10.73212116      10.45609500      11.55770830      9.40190754       10.57051817      9.68410196       10.74350154      9.65995145       10.08131608      10.29661256      10.00952673      10.11053847      10.65514848      16.41434668      10.85090240      9.54797219       9.32894858       9.89297774       11.57179646      11.05509507      11.07007271      10.01709844      10.41966641      10.02216708      9.65392104       11.01582666     
  0.03500000       1.12533558E-01   2089.72111732    -3.59937761      0.12121714       4.81535614       10.40503843      10.54799669      13.58564771      11.06745868      10.71441615      11.89072119      9.62270729       10.87563451      9.93331837       11.09460223      9.92202645       10.37097352      10.57169131      10.30813210      10.41885322      10.97565991      17.02699132      11.19512128      9.78292343       9.54047336       10.18758546      11.95980040      11.36134152      11.44671509      10.31174502      10.71111595      10.32272073      9.89996907       11.33021173     
  0.03500000       1.42510267E-01   1975.93329558    -3.73372615      0.11615190       4.85243142       10.71106009      10.80882289      14.02008698      11.40908562      10.98477755      12.23747408      9.84787616       11.19619967      10.17781596      11.46003033      10.18559178      10.74644009      10.86535299      10.58604781      10.70190244      11.31617429      17.65492755      11.55836778      10.06116898      9.75732131       10.58062189      12.37123202      11.67847835      11.84145262      10.58786626      11.02193073      10.60536228      10.19216063      11.66150161     
  0.03500000       1.80472177E-01   1862.01320007    -3.86977430      0.11183251       4.88534680       11.05866036      11.08776342      14.42896666      11.74267397      11.26840332      12.58070360      10.07513859      11.52929244      10.40911219      11.82290985      10.43825563      11.27443961      11.17403402      10.82259685      10.93805872      11.66659778      18.32126481      11.92474497      10.41913377      9.97760506       11.11790042      12.78729436      11.99850514      12.23075990      10.81987363      11.34622797      10.84408619      10.54997174      12.00050288     
  0.03500000       2.28546386E-01   1743.81686363    -4.01319811      0.10810106       4.91482361       11.46249700      11.40904651      14.83034965      12.08989726      11.58768855      12.92215522      10.32283736      11.88518646      10.64592478      12.21266542      10.69280775      11.96690850      11.51555606      11.03337205      11.14946718      12.04725556      19.11738339      12.31438737      10.89309193      10.21695767      11.80827806      13.22093729      12.34002729      12.63313335      11.02820093      11.70268215      11.05789700      10.98616923      12.36357577     
  0.03500000       2.89426612E-01   1629.42143472    -4.15653674      0.10497775       4.94028885       11.89059452      11.77112337      15.20947642      12.44692346      11.93770370      13.24333896      10.59203093      12.24361351      10.88944936      12.63419118      10.94694505      12.66881433      11.87428766      11.22273699      11.33981286      12.44605723      19.97453673      12.71873242      11.43427946      10.47506391      12.50407864      13.66827170      12.69793721      13.03940460      11.21793155      12.07719548      11.25135254      11.45561459      12.73880502     
  0.03500000       3.66524124E-01   1523.44072344    -4.29598175      0.10227818       4.96291694       12.31789105      12.19381059      15.57055953      12.81878725      12.33107779      13.52773119      10.88310045      12.59588577      11.13458440      13.08982103      11.18697876      13.24110606      12.24282519      11.38558970      11.50092289      12.85471784      20.77607565      13.14377332      11.96712167      10.75375147      13.06343354      14.12770850      13.07990016      13.45549001      11.38414122      12.45852029      11.41791968      11.91724507      13.11666686     
  0.03500000       4.64158883E-01   1432.57197915    -4.42335747      0.09988830       4.98345385       12.70995557      12.64394815      15.93293352      13.17866128      12.73182705      13.78982829      11.15982308      12.92189224      11.35338291      13.53270911      11.38088787      13.70881395      12.57646822      11.51577948      11.62733599      13.22852172      21.41056797      13.55409162      12.41690604      11.02404325      13.51104623      14.57270980      13.45668521      13.84970013      11.52125063      12.80151126      11.55220324      12.33062722      13.47064723     
  0.03500000       5.87801607E-01   1329.48223000    -4.57176977      0.09776532       5.00211331       13.16299027      13.25939995      16.36471013      13.64832902      13.25229874      14.07224395      11.47472054      13.33208559      11.58951937      14.08791250      11.58954923      14.24869250      12.97328018      11.64356632      11.74509052      13.68188296      22.15070802      14.08589231      12.87231910      11.34446423      14.02096229      15.13657674      13.94130789      14.37029370      11.66336037      13.20625426      11.68626200      12.77701663      13.88781431     
  0.03500000       7.44380301E-01   1249.59896456    -4.69593695      0.09592173       5.01864854       13.54512542      13.84447702      16.74551253      14.08150971      13.72044825      14.32139936      11.73729792      13.70545670      11.78666692      14.58482436      11.77107606      14.71985074      13.31559892      11.75766126      11.84949996      14.07743726      22.77353414      14.57250595      13.22490335      11.61948391      14.46186813      15.64303692      14.37575776      14.85448898      11.79252089      13.55358052      11.80682160      13.13265529      14.24754165     
  0.03500000       9.42668455E-01   1159.03647200    -4.84212903      0.09422919       5.03411177       13.93555014      14.47878927      17.21616769      14.57493937      14.21998799      14.64363119      12.00775246      14.13287950      11.99967560      15.13284714      11.98607574      15.21665926      13.72196737      11.89923012      11.97902536      14.54596400      23.53804653      15.14826710      13.56719265      11.90340464      14.92392278      16.24775080      14.86078671      15.44631652      11.95435007      13.96830344      11.95664627      13.47631896      14.66453283     
  0.03500000       1.19377664E+00   1062.03391545    -5.00691859      0.09282963       5.04710923       14.33945222      15.15651759      17.74790729      15.11151418      14.73010313      15.02622104      12.29055449      14.60789982      12.22837718      15.71628092      12.22570782      15.75923675      14.18313192      12.06528962      12.13141606      15.06981644      24.36617330      15.79080825      13.91992806      12.19849708      15.41184312      16.90353102      15.36593427      16.10575717      12.13913197      14.43885286      12.12900896      13.82557807      15.12667210     
  0.03500000       1.51177507E+00   989.67610679     -5.14108912      0.09160048       5.05868685       14.66204153      15.68774704      18.19073085      15.56772623      15.13015889      15.36753510      12.52379347      15.02770328      12.42765762      16.19304454      12.44125429      16.22089270      14.60943964      12.22637974      12.28075370      15.54222683      25.06186279      16.33844790      14.20990424      12.43681558      15.81629127      17.44906192      15.77494401      16.66734078      12.31451227      14.87852439      12.29316904      14.10413730      15.52232164     
  0.03500000       1.91448198E+00   919.56744747     -5.27942103      0.09047988       5.06937823       14.97414052      16.19797836      18.64328020      16.02653238      15.52291693      15.73075081      12.75712230      15.45673814      12.63051508      16.66012169      12.65748473      16.62430054      15.05283717      12.39760165      12.44088439      16.03513633      25.71068974      16.88708539      14.48640070      12.67647921      16.18887634      17.99572694      16.18412828      17.22542875      12.49714892      15.34630833      12.46469055      14.37495617      15.93316504     
  0.03500000       2.42446202E+00   850.63949936     -5.42450803      0.08946878       5.07913921       15.28895416      16.72677961      19.12764963      16.51522687      15.94001993      16.12915759      12.99809263      15.92011826      12.84375332      17.14287390      12.88445769      17.09644157      15.54501156      12.58321062      12.61839539      16.57696981      26.21126676      17.46654714      14.76471865      12.92432462      16.59517505      18.56312295      16.62237737      17.81277615      12.69095831      15.86871979      12.65073527      14.64963912      16.37664735     
  0.03500000       3.07029063E+00   787.12851588     -5.56801128      0.08857868       5.08782385       15.60701127      17.26832876      19.63545679      17.02386727      16.37456499      16.55335992      13.24366373      16.40264070      13.06221259      17.64227594      13.10964963      17.61223418      16.05335317      12.77934402      12.80809505      17.14343608      26.65735738      18.05648555      15.05047726      13.17908583      17.02595856      19.13685059      17.08198490      18.41494907      12.89071399      16.41945560      12.84852576      14.93168812      16.84096557     
  0.03500000       3.88815518E+00   732.05270259     -5.70185378      0.08778381       5.09565345       15.89963478      17.76385188      20.10760184      17.51074535      16.78640224      16.95435447      13.46669563      16.86172966      13.26221542      18.11983286      13.31396129      18.14300463      16.53454844      12.95081912      12.97832208      17.67898554      26.98303912      18.60086425      15.32504722      13.41075842      17.45883615      19.66734483      17.51998286      18.98178606      13.08171840      16.94318142      13.02713625      15.19552719      17.27753065     
  0.03500000       4.92388263E+00   682.96835374     -5.82955992      0.08706430       5.10280210       16.18623437      18.25517559      20.55673583      17.98941149      17.19959688      17.35802184      13.68546244      17.30597995      13.46356636      18.60193121      13.51013271      18.70045233      17.01933703      13.15456582      13.16865655      18.21116115      27.44570120      19.13546176      15.59963222      13.63127812      17.89990724      20.17956003      17.95936581      19.55118841      13.27953257      17.46550873      13.23474083      15.45973348      17.71189939     
  0.03500000       6.23550734E+00   640.32646747     -5.94819024      0.08640132       5.10944148       16.47808788      18.76899670      20.98281926      18.48222513      17.62481737      17.76353624      13.91587301      17.76132639      13.66306056      19.11124340      13.71492376      19.30748906      17.54812501      13.31407819      13.33836289      18.77540695      27.58517017      19.69159843      15.88700113      13.87874846      18.36173878      20.70389476      18.40997496      20.15655477      13.45339800      18.02310389      13.37424492      15.73247774      18.15196805     
  0.03500000       7.89652287E+00   601.92242152     -6.06173845      0.08579663       5.11554178       16.76334237      19.27475135      21.37499623      18.97429086      18.04467195      18.16193927      14.13620601      18.21271270      13.85354500      19.63199619      13.90904457      19.93482272      18.07870830      13.48012826      13.50568710      19.33536494      28.06494403      20.23896878      16.18017813      14.10658664      18.82855886      21.21070375      18.85316525      20.76664161      13.61976292      18.57735255      13.54119270      16.00328921      18.58284958     
  0.03500000       1.00000000E+01   569.96044375     -6.16225044      0.08523193       5.12127760       17.03107222      19.76216177      21.71200953      19.43454266      18.43436294      18.53761050      14.34033833      18.63593246      14.03346400      20.13310106      14.08427408      20.55422122      18.60959865      13.64653341      13.66812728      19.87654362      28.13991543      20.75639771      16.45936469      14.32492085      19.27357209      21.68392721      19.26125549      21.35734081      13.79513581      19.11663467      13.70756521      16.26015931      18.98526804     
