# Mass             Age              Teff             Luminosity       Radius           Gravity          NIRCAM-F322W2    NIRCAM-F164N     NIRCAM-F090W     NIRCAM-F277W     NIRCAM-F162M     NIRCAM-F115W     NIRCAM-F410M     NIRCAM-F300M     NIRCAM-F444W     NIRCAM-F250M     NIRCAM-F430M     NIRCAM-F323N     NIRCAM-F212N     NIRCAM-F466N     NIRCAM-F460M     NIRCAM-F200W     NIRCAM-F070W     NIRCAM-F182M     NIRCAM-F360M     NIRCAM-F405N     NIRCAM-F335M     NIRCAM-F140M     NIRCAM-F150W     NIRCAM-F187N     NIRCAM-F480M     NIRCAM-F210M     NIRCAM-F470N     NIRCAM-F356W     NIRCAM-F150W2   
# M/Msun           Gyr              K                L/Lsun           R/Rsun           log(g[cm/s^2])  
  0.06600000       1.00000000E-03   3018.88081350    -1.41063141      0.72179723       3.54112842       0.00000000       0.00000000       0.00000000       0.00000000       0.00000000       0.00000000       0.00000000       0.00000000       0.00000000       0.00000000       0.00000000       0.00000000       0.00000000       0.00000000       0.00000000       0.00000000       0.00000000       0.00000000       0.00000000       0.00000000       0.00000000       0.00000000       0.00000000       0.00000000       0.00000000       0.00000000       0.00000000       0.00000000       0.00000000      
  0.06600000       1.26638017E-03   3018.60860199    -1.42161978      0.71286270       3.55194684       0.00000000       0.00000000       0.00000000       0.00000000       0.00000000       0.00000000       0.00000000       0.00000000       0.00000000       0.00000000       0.00000000       0.00000000       0.00000000       0.00000000       0.00000000       0.00000000       0.00000000       0.00000000       0.00000000       0.00000000       0.00000000       0.00000000       0.00000000       0.00000000       0.00000000       0.00000000       0.00000000       0.00000000       0.00000000      
  0.06600000       1.60371874E-03   3018.35279379    -1.43352237      0.70328382       3.56369695       0.00000000       0.00000000       0.00000000       0.00000000       0.00000000       0.00000000       0.00000000       0.00000000       0.00000000       0.00000000       0.00000000       0.00000000       0.00000000       0.00000000       0.00000000       0.00000000       0.00000000       0.00000000       0.00000000       0.00000000       0.00000000       0.00000000       0.00000000       0.00000000       0.00000000       0.00000000       0.00000000       0.00000000       0.00000000      
  0.06600000       2.03091762E-03   3018.07480603    -1.45152385      0.68897467       3.58155187       0.00000000       0.00000000       0.00000000       0.00000000       0.00000000       0.00000000       0.00000000       0.00000000       0.00000000       0.00000000       0.00000000       0.00000000       0.00000000       0.00000000       0.00000000       0.00000000       0.00000000       0.00000000       0.00000000       0.00000000       0.00000000       0.00000000       0.00000000       0.00000000       0.00000000       0.00000000       0.00000000       0.00000000       0.00000000      
  0.06600000       2.57191381E-03   3017.93582175    -1.48425672      0.66355318       3.61420688       0.00000000       0.00000000       0.00000000       0.00000000       0.00000000       0.00000000       0.00000000       0.00000000       0.00000000       0.00000000       0.00000000       0.00000000       0.00000000       0.00000000       0.00000000       0.00000000       0.00000000       0.00000000       0.00000000       0.00000000       0.00000000       0.00000000       0.00000000       0.00000000       0.00000000       0.00000000       0.00000000       0.00000000       0.00000000      
  0.06600000       3.25702066E-03   3019.04787523    -1.56368460      0.60512443       3.69426883       0.00000000       0.00000000       0.00000000       0.00000000       0.00000000       0.00000000       0.00000000       0.00000000       0.00000000       0.00000000       0.00000000       0.00000000       0.00000000       0.00000000       0.00000000       0.00000000       0.00000000       0.00000000       0.00000000       0.00000000       0.00000000       0.00000000       0.00000000       0.00000000       0.00000000       0.00000000       0.00000000       0.00000000       0.00000000      
  0.06600000       4.12462638E-03   3021.64254469    -1.70821531      0.51147975       3.84030397       0.00000000       0.00000000       0.00000000       0.00000000       0.00000000       0.00000000       0.00000000       0.00000000       0.00000000       0.00000000       0.00000000       0.00000000       0.00000000       0.00000000       0.00000000       0.00000000       0.00000000       0.00000000       0.00000000       0.00000000       0.00000000       0.00000000       0.00000000       0.00000000       0.00000000       0.00000000       0.00000000       0.00000000       0.00000000      
  0.06600000       5.22334507E-03   3025.04637508    -1.82842958      0.44437372       3.96246446       0.00000000       0.00000000       0.00000000       0.00000000       0.00000000       0.00000000       0.00000000       0.00000000       0.00000000       0.00000000       0.00000000       0.00000000       0.00000000       0.00000000       0.00000000       0.00000000       0.00000000       0.00000000       0.00000000       0.00000000       0.00000000       0.00000000       0.00000000       0.00000000       0.00000000       0.00000000       0.00000000       0.00000000       0.00000000      
  0.06600000       6.61474064E-03   3020.10499540    -1.93603026      0.39387673       4.06723930       0.00000000       0.00000000       0.00000000       0.00000000       0.00000000       0.00000000       0.00000000       0.00000000       0.00000000       0.00000000       0.00000000       0.00000000       0.00000000       0.00000000       0.00000000       0.00000000       0.00000000       0.00000000       0.00000000       0.00000000       0.00000000       0.00000000       0.00000000       0.00000000       0.00000000       0.00000000       0.00000000       0.00000000       0.00000000      
  0.06600000       8.37677640E-03   3010.97894552    -2.03448968      0.35380177       4.16043954       0.00000000       0.00000000       0.00000000       0.00000000       0.00000000       0.00000000       0.00000000       0.00000000       0.00000000       0.00000000       0.00000000       0.00000000       0.00000000       0.00000000       0.00000000       0.00000000       0.00000000       0.00000000       0.00000000       0.00000000       0.00000000       0.00000000       0.00000000       0.00000000       0.00000000       0.00000000       0.00000000       0.00000000       0.00000000      
  0.06600000       1.06081836E-02   3002.82961386    -2.12498348      0.32053078       4.24622140       0.00000000       0.00000000       0.00000000       0.00000000       0.00000000       0.00000000       0.00000000       0.00000000       0.00000000       0.00000000       0.00000000       0.00000000       0.00000000       0.00000000       0.00000000       0.00000000       0.00000000       0.00000000       0.00000000       0.00000000       0.00000000       0.00000000       0.00000000       0.00000000       0.00000000       0.00000000       0.00000000       0.00000000       0.00000000      
  0.06600000       1.34339933E-02   2993.93950635    -2.21087567      0.29207805       4.32696287       7.29595147       7.57448897       9.43240244       7.48080092       7.67057209       8.54084929       6.91163432       7.44271918       6.96143813       7.51508910       6.94933506       7.30078101       7.51382944       6.98112580       7.01763351       7.62501247       11.10797073      7.69798940       7.03758463       6.88767950       7.20401071       8.18204051       7.97566480       7.73516730       7.00393089       7.54019109       7.00941822       7.09459659       8.01728940      
  0.06600000       1.70125428E-02   2984.57794082    -2.29320827      0.26733742       4.40384125       7.49842433       7.77549074       9.64058373       7.68646505       7.87196209       8.74492259       7.11021100       7.64782431       7.16275163       7.72040346       7.14983274       7.50293100       7.71535237       7.18514869       7.22242244       7.82881373       11.32859322      7.90277166       7.23652957       7.08599698       7.40486128       8.38722892       8.17909608       7.94124332       7.20777872       7.74268204       7.21318319       7.29421097       8.22071238      
  0.06600000       2.15443469E-02   2973.55142386    -2.37374091      0.24547253       4.47795507       7.69581509       7.97070011       9.84525151       7.88760451       8.06772284       8.94382755       7.30297291       7.84834997       7.35865679       7.92110346       7.34484417       7.70003958       7.91158074       7.38420867       7.42231463       8.02761096       11.54926774      8.10264278       7.42979741       7.27844905       7.60043521       8.58778060       8.37746975       8.14276310       7.40662932       7.94000536       7.41192560       7.48826749       8.41897538      
  0.06600000       2.72833338E-02   2953.14898484    -2.45771831      0.22594325       4.54996217       7.89737320       8.17083977       10.06256239      8.09502762       8.26881566       9.14842246       7.49699243       8.05472428       7.55681992       8.12799160       7.54199273       7.90115196       8.11278921       7.58664954       7.62572290       8.23273411       11.79677752      8.30954232       7.62502823       7.47199636       7.79925844       8.79659045       8.58294437       8.35227367       7.60871758       8.14280238       7.61388795       7.68463876       8.62330410      
  0.06600000       3.45510729E-02   2936.63758635    -2.53658632      0.20865728       4.61909357       8.08819649       8.35882664       10.26563768      8.29116827       8.45773319       9.34107122       7.68116702       8.24995928       7.74510808       8.32354726       7.72924472       8.09164925       8.30247392       7.77931079       7.81926498       8.42592482       12.02569817      8.50422030       7.81011881       7.65572787       7.98764425       8.99271302       8.77588566       8.54943530       7.80088923       8.33395333       7.80599028       7.87079328       8.81559170      
  0.06600000       4.37547938E-02   2915.86715277    -2.61652607      0.19303056       4.68670668       8.27968630       8.54738465       10.47328585      8.48914884       8.64744637       9.53500410       7.86454045       8.44679247       7.93322705       8.52085969       7.91624280       8.28271897       8.49297515       7.97258089       8.01347025       8.62064800       12.26648569      8.70076514       7.99469705       7.83856479       8.17619515       9.19127993       8.97057799       8.74901567       7.99353603       8.52620087       7.99854196       8.05662657       9.00924368      
  0.06600000       5.54102033E-02   2884.36542442    -2.70121085      0.17894385       4.75252633       8.47816165       8.74241270       10.69815772      8.69730683       8.84424253       9.73757978       8.05106345       8.65314695       8.12625813       8.72810525       8.10794092       8.48050508       8.69060863       8.17293871       8.21486486       8.82446994       12.54351712      8.90730709       8.18308798       8.02428578       8.37035137       9.40151313       9.17496318       8.96008542       8.19282897       8.72637209       8.19741201       8.24679069       9.21160764      
  0.06600000       7.01703829E-02   2852.22521506    -2.78432590      0.16629754       4.81618721       8.67322191       8.93099076       10.92109752      8.90360797       9.03498176       9.93594579       8.23292429       8.85731980       8.31607031       8.93323874       8.29620742       8.67478420       8.88327255       8.37198726       8.41489532       9.02417957       12.82436813      9.10993324       8.36665404       8.20516704       8.56046543       9.60833814       9.37462160       9.16813212       8.39026065       8.92201320       8.39382230       8.43238938       9.40946013      
  0.06600000       8.88623816E-02   2814.02987250    -2.86975969      0.15484368       4.87817152       8.87225419       9.12127976       11.15470009      9.11725570       9.22796553       10.13846970      8.41558975       9.06806439       8.50878643       9.14531619       8.48707295       8.87254730       9.07873646       8.57638903       8.62075837       9.22865376       13.13166405      9.31811778       8.55118519       8.38652303       8.75308417       9.82200074       9.57894779       9.38329923       8.59303070       9.12129569       8.59576288       8.61942359       9.61151103      
  0.06600000       1.12533558E-01   2766.28815768    -2.95946165      0.14450876       4.93816985       9.07920653       9.31700026       11.40662558      9.34407252       9.42706131       10.34940887      8.60132841       9.29070933       8.70759368       9.36992240       8.68359519       9.07726857       9.28062295       8.78975098       8.83683364       9.44260497       13.48081884      9.53709447       8.73904007       8.57045074       8.95124557       10.04853248      9.79295340       9.61152143       8.80571811       9.32827810       8.80823178       8.81045346       9.82226873      
  0.06600000       1.42510267E-01   2712.05411409    -3.05135704      0.13525408       4.99565739       9.29068449       9.51374638       11.67039693      9.58131785       9.62775757       10.56521640      8.78731178       9.52203598       8.91005136       9.60434982       8.88319859       9.28502849       9.48468694       9.01024879       9.06187560       9.66211994       13.86211733      9.76309510       8.92687768       8.75399742       9.15130156       10.28371177      10.01194449      9.84920635       9.02681469       9.53882283       9.03012269       9.00203824       10.03776385     
  0.06600000       1.80472177E-01   2647.08027309    -3.14814311      0.12700597       5.05030989       9.51214494       9.71512279       11.95957116      9.83950408       9.83377313       10.79720089      8.97651905       9.77091340       9.12213865       9.85855362       9.09134998       9.50002241       9.69499025       9.25310654       9.30833247       9.89402117       14.30698984      10.00404484      9.11702060       8.93953182       9.35676051       10.53649994      10.24150042      10.10599770      9.26668883       9.75815652       9.27005620       9.19691872       10.26541076     
  0.06600000       2.28546386E-01   2571.00454318    -3.25024745      0.11970077       5.10176667       9.74354795       9.92272341       12.27235037      10.11741605      10.04737437      11.04136581      9.16942282       10.03644028      9.34358109       10.13141320      9.30829950       9.72324789       9.91239149       9.51256683       9.57362261       10.13845497      14.80120860      10.26035051      9.31055423       9.12741360       9.56881670       10.81103029      10.48526955      10.38237593      9.52340351       9.98666403       9.52534843       9.39602727       10.50513239     
  0.06600000       2.89426612E-01   2487.64435658    -3.35490008      0.11334599       5.14914751       9.97939652       10.12975316      12.59791884      10.41474558      10.26048736      11.29712153      9.36148384       10.31369983      9.57269555       10.42568934      9.53176069       9.94617771       10.13086233      9.79263750       9.86505146       10.39081581      15.33309611      10.52792341      9.50098264       9.31254130       9.78005929       11.09820563      10.73274285      10.67480442      9.80243011       10.21872819      9.80188344       9.59261857       10.75205616     
  0.06600000       3.66524124E-01   2394.13750589    -3.46502001      0.10779929       5.19272841       10.22021077      10.34344180      12.94886025      10.72852448      10.48034709      11.57048164      9.55602635       10.60004492      9.80818381       10.74023223      9.76270131       10.17209955      10.35857910      10.09056978      10.17740154      10.65790601      15.90597965      10.81341543      9.69270692       9.49880591       9.99537644       11.40639980      10.99100704      10.98928537      10.09833336      10.46166482      10.09993752      9.79097639       11.01298474     
  0.06600000       4.64158883E-01   2286.56455576    -3.58389686      0.10306434       5.23174314       10.46873646      10.57090105      13.34986535      11.05431717      10.71500643      11.87222551      9.75670693       10.89235483      10.04742395      11.07471290      10.00220902      10.40961794      10.60596213      10.39398418      10.49429709      10.94894264      16.54701282      11.12574747      9.89285337       9.69054989       10.22683366      11.74966220      11.26957575      11.33352000      10.40086785      10.72519180      10.40310696      9.99887931       11.29766356     
  0.06600000       5.87801607E-01   2180.97536363    -3.70074715      0.09902505       5.26646817       10.71141177      10.79739552      13.75142600      11.35272479      10.94783948      12.17333939      9.95000837       11.16260152      10.26545288      11.38985573      10.22691999      10.66162377      10.85661548      10.65660097      10.76517734      11.23857031      17.15594872      11.43428933      10.09901685      9.87661985       10.48335436      12.09040722      11.54225971      11.66951966      10.66148871      10.98981104      10.66809965      10.21505666      11.58059208     
  0.06600000       7.44380301E-01   2075.40490422    -3.81815525      0.09553218       5.29765943       10.97110185      11.03009496      14.14500930      11.64271640      11.18549498      12.47598538      10.14182828      11.43435241      10.47236877      11.70009098      10.44495975      10.97117636      11.11708262      10.89167437      11.00422015      11.53521681      17.73655187      11.74755269      10.33413511      10.06216833      10.80822137      12.43606400      11.81579655      12.00674838      10.89401950      11.26301506      10.90674567      10.46238091      11.86834567     
  0.06600000       9.42668455E-01   1962.34767599    -3.94310316      0.09253925       5.32530684       11.27477744      11.28418578      14.54687384      11.94412087      11.44258461      12.79086293      10.34264845      11.73029771      10.67902533      12.02644541      10.66636627      11.40321951      11.40092305      11.10759845      11.22123493      11.85462679      18.37347801      12.08123708      10.63628997      10.25670756      11.25607784      12.80747204      12.10598713      12.36171286      11.10837159      11.55922132      11.12633778      10.77041899      12.17583513     
  0.06600000       1.19377664E+00   1849.24042680    -4.07053392      0.08998811       5.34958845       11.62593088      11.56482608      14.92645505      12.25117460      11.72117879      13.09697599      10.55374766      12.04636914      10.88379590      12.36254015      10.88504832      11.99472802      11.70636139      11.29610360      11.41091814      12.19196151      19.08050000      12.42757379      11.03407882      10.46101277      11.84683998      13.19188324      12.40882577      12.72209842      11.29520419      11.87538386      11.31809967      11.14736188      12.49592880     
  0.06600000       1.51177507E+00   1740.91738590    -4.19668249      0.08780702       5.37089993       11.99892041      11.87975460      15.27656734      12.57197301      12.02494188      13.37235817      10.77806892      12.37074159      11.08979264      12.72176753      11.09867556      12.61834084      12.02422535      11.46277390      11.57879420      12.54156207      19.82792595      12.78582722      11.49073766      10.67573931      12.46502140      13.58456195      12.72519217      13.08856423      11.46301914      12.20297171      11.48819627      11.55245550      12.82057862     
  0.06600000       1.91448198E+00   1637.26334191    -4.32244945      0.08589572       5.39001531       12.38109897      12.23298136      15.61214146      12.90631090      12.35722544      13.63345284      11.02045395      12.69647480      11.30141952      13.11167546      11.31180115      13.18889474      12.35199500      11.61397339      11.72975604      12.90444921      20.57839138      13.16078317      11.96808780      10.90663699      13.02646775      13.99394998      13.05931604      13.46571972      11.61738497      12.54128835      11.64273501      11.96488195      13.15498595     
  0.06600000       2.42446202E+00   1541.10135038    -4.44474140      0.08421467       5.40718273       12.75016785      12.63284458      15.93894014      13.25827355      12.72041693      13.86031835      11.26757527      13.02040303      11.50179927      13.52373950      11.50071286      13.65185464      12.67511676      11.73420208      11.84573013      13.26995364      21.24844018      13.55651421      12.39699800      11.14718970      13.47197336      14.42329612      13.41533867      13.86369489      11.74529408      12.87442845      11.76741533      12.34702766      13.48535069     
  0.06600000       3.07029063E+00   1454.93605609    -4.56053776      0.08269129       5.42303860       13.10827593      13.06671654      16.27338556      13.61844250      13.10227049      14.08040430      11.51247117      13.34133150      11.69195806      13.94598648      11.67223138      14.07730116      12.98714351      11.83958309      11.94518694      13.62850902      21.85747978      13.96147972      12.78149918      11.38959780      13.87669057      14.87586822      13.78488219      14.26920552      11.86147573      13.19590643      11.87803988      12.70709219      13.81187435     
  0.06600000       3.88815518E+00   1362.99555639    -4.68897078      0.08127269       5.43806888       13.49209415      13.59822267      16.66628892      14.05360012      13.55607901      14.31964588      11.77357170      13.71840137      11.88940127      14.43860374      11.85869874      14.54065293      13.33941033      11.94461605      12.03998674      14.04218532      22.55912348      14.45169775      13.14356014      11.65497789      14.30971208      15.41683255      14.22601782      14.77289180      11.98464423      13.55867717      11.99078121      13.06612549      14.17835991     
  0.06600000       4.92388263E+00   1270.27954996    -4.82478242      0.08002715       5.45148353       13.86209456      14.16338485      17.10217049      14.50518121      14.02233944      14.59377143      12.02783526      14.10795213      12.08531652      14.94381090      12.05492121      15.00560287      13.70925213      12.06148914      12.14538562      14.47398139      23.30128181      14.97368741      13.47458014      11.91709817      14.74430580      15.96137007      14.67813107      15.31486362      12.12194239      13.93833946      12.11652060      13.39844012      14.55678162     
  0.06600000       6.23550734E+00   1200.63040062    -4.93491027      0.07891321       5.46365879       14.14350910      14.61068855      17.46632285      14.87137492      14.38859792      14.83675101      12.22651308      14.42744010      12.24607230      15.34645476      12.22369791      15.36084666      14.03585560      12.17258378      12.24577093      14.84403909      23.94702659      15.40919847      13.72261492      12.12167211      15.08638215      16.42206458      15.04350980      15.77216868      12.25035676      14.27193272      12.23447582      13.64512010      14.87176848     
  0.06600000       7.89652287E+00   1139.26572097    -5.03861443      0.07777910       5.47623234       14.37933009      14.98094227      17.79641297      15.19141931      14.69973865      15.07860806      12.39832877      14.71062401      12.39132393      15.69312779      12.37896814      15.67355825      14.34274844      12.28345846      12.34723305      15.18119445      24.50660758      15.79299594      13.93176007      12.29741408      15.36977445      16.82375296      15.35813216      16.17426304      12.37632923      14.58362049      12.35080708      13.85010449      15.16004897     
  0.06600000       1.00000000E+01   1074.43767997    -5.15375898      0.07659164       5.48959548       14.63955329      15.39707601      18.17185350      15.55331769      15.03824553      15.36024791      12.58984636      15.03745572      12.55571572      16.07899255      12.55538229      16.03505174      14.69612121      12.41580608      12.46877437      15.56693030      25.10209885      16.22740947      14.16133065      12.49254787      15.68766052      17.26765565      15.70196694      16.62731968      12.52171825      14.94401920      12.48712492      14.07600233      15.48670519     
