# Mass             Age              Teff             Luminosity       Radius           Gravity          MKO_Y            MKO_J            MKO_H            MKO_K            MKO_Lp           MKO_Mp           W1               W2               W3               W4               IRAC_CH1         IRAC_CH2        
# M/Msun           Gyr              K                L/Lsun           R/Rsun           log(g[cm/s^2])  
  0.02100000       1.00000000E-03   2672.81806078    -2.21214344      0.36595015       3.63379277       0.00000000       0.00000000       0.00000000       0.00000000       0.00000000       0.00000000       0.00000000       0.00000000       0.00000000       0.00000000       0.00000000       0.00000000      
  0.02100000       1.26638017E-03   2660.78437044    -2.28521746      0.33946839       3.69903794       0.00000000       0.00000000       0.00000000       0.00000000       0.00000000       0.00000000       0.00000000       0.00000000       0.00000000       0.00000000       0.00000000       0.00000000      
  0.02100000       1.60371874E-03   2644.45999846    -2.36126868      0.31486238       3.76439395       0.00000000       0.00000000       0.00000000       0.00000000       0.00000000       0.00000000       0.00000000       0.00000000       0.00000000       0.00000000       0.00000000       0.00000000      
  0.02100000       2.03091762E-03   2628.31492878    -2.43132578      0.29403743       3.82382936       0.00000000       0.00000000       0.00000000       0.00000000       0.00000000       0.00000000       0.00000000       0.00000000       0.00000000       0.00000000       0.00000000       0.00000000      
  0.02100000       2.57191381E-03   2618.65040404    -2.48120480      0.27968230       3.86730589       0.00000000       0.00000000       0.00000000       0.00000000       0.00000000       0.00000000       0.00000000       0.00000000       0.00000000       0.00000000       0.00000000       0.00000000      
  0.02100000       3.25702066E-03   2612.56760797    -2.50956936      0.27196233       3.89161648       0.00000000       0.00000000       0.00000000       0.00000000       0.00000000       0.00000000       0.00000000       0.00000000       0.00000000       0.00000000       0.00000000       0.00000000      
  0.02100000       4.12462638E-03   2609.11410239    -2.52315490      0.26844418       3.90292592       0.00000000       0.00000000       0.00000000       0.00000000       0.00000000       0.00000000       0.00000000       0.00000000       0.00000000       0.00000000       0.00000000       0.00000000      
  0.02100000       5.22334507E-03   2606.44187130    -2.53298242      0.26597812       3.91094222       0.00000000       0.00000000       0.00000000       0.00000000       0.00000000       0.00000000       0.00000000       0.00000000       0.00000000       0.00000000       0.00000000       0.00000000      
  0.02100000       6.61474064E-03   2602.82605852    -2.54513506      0.26300865       3.92069381       0.00000000       0.00000000       0.00000000       0.00000000       0.00000000       0.00000000       0.00000000       0.00000000       0.00000000       0.00000000       0.00000000       0.00000000      
  0.02100000       8.37677640E-03   2596.47662382    -2.56382733      0.25866464       3.93515985       0.00000000       0.00000000       0.00000000       0.00000000       0.00000000       0.00000000       0.00000000       0.00000000       0.00000000       0.00000000       0.00000000       0.00000000      
  0.02100000       1.06081836E-02   2583.47352523    -2.59814624      0.25115565       3.96074794       0.00000000       0.00000000       0.00000000       0.00000000       0.00000000       0.00000000       0.00000000       0.00000000       0.00000000       0.00000000       0.00000000       0.00000000      
  0.02100000       1.34339933E-02   2555.72305817    -2.67052123      0.23612470       4.01435087       0.00000000       0.00000000       0.00000000       0.00000000       0.00000000       0.00000000       0.00000000       0.00000000       0.00000000       0.00000000       0.00000000       0.00000000      
  0.02100000       1.70125428E-02   2475.66605705    -2.85166850      0.20426986       4.14022678       0.00000000       0.00000000       0.00000000       0.00000000       0.00000000       0.00000000       0.00000000       0.00000000       0.00000000       0.00000000       0.00000000       0.00000000      
  0.02100000       2.15443469E-02   2363.06495092    -3.05255919      0.17790829       4.26024278       0.00000000       0.00000000       0.00000000       0.00000000       0.00000000       0.00000000       0.00000000       0.00000000       0.00000000       0.00000000       0.00000000       0.00000000      
  0.02100000       2.72833338E-02   2247.09485986    -3.22850888      0.16067098       4.34876048       0.00000000       0.00000000       0.00000000       0.00000000       0.00000000       0.00000000       0.00000000       0.00000000       0.00000000       0.00000000       0.00000000       0.00000000      
  0.02100000       3.45510729E-02   2120.38727724    -3.39830190      0.14840569       4.41773321       0.00000000       0.00000000       0.00000000       0.00000000       0.00000000       0.00000000       0.00000000       0.00000000       0.00000000       0.00000000       0.00000000       0.00000000      
  0.02100000       4.37547938E-02   1995.62672689    -3.55977106      0.13911807       4.47386805       0.00000000       0.00000000       0.00000000       0.00000000       0.00000000       0.00000000       0.00000000       0.00000000       0.00000000       0.00000000       0.00000000       0.00000000      
  0.02100000       5.54102033E-02   1864.65659793    -3.72424738      0.13185837       4.52042010       0.00000000       0.00000000       0.00000000       0.00000000       0.00000000       0.00000000       0.00000000       0.00000000       0.00000000       0.00000000       0.00000000       0.00000000      
  0.02100000       7.01703829E-02   1738.80982932    -3.88491145      0.12603051       4.55968351       13.52427213      12.09510807      11.51211850      11.21516200      10.05363681      10.98209889      10.71584688      10.67103126      9.69318513       9.66316983       10.34866355      10.59745242     
  0.02100000       8.88623816E-02   1610.13192558    -4.05156004      0.12132012       4.59276923       13.90799042      12.46810469      11.90060165      11.71239157      10.41324116      11.36075593      11.19898592      11.01405714      9.90946978       9.85318562       10.78501283      10.93846611     
  0.02100000       1.12533558E-01   1497.00412399    -4.20561043      0.11753834       4.62027559       14.20210454      12.79339093      12.28082838      12.22596656      10.80599924      11.70366739      11.73495425      11.32110391      10.10821926      10.01603780      11.27084144      11.24850127     
  0.02100000       1.42510267E-01   1395.10542876    -4.35163818      0.11439278       4.64383722       14.41957295      13.06768983      12.68524295      12.76219941      11.21829555      12.02787243      12.27634491      11.60665398      10.29797696      10.16476350      11.77577045      11.54279064     
  0.02100000       1.80472177E-01   1299.41979832    -4.49599596      0.11166872       4.66477131       14.62739270      13.32207707      13.14535808      13.29336305      11.64093375      12.33229024      12.79529513      11.87746217      10.48262768      10.30802400      12.28371769      11.82796993     
  0.02100000       2.28546386E-01   1218.83994468    -4.62624679      0.10924601       4.68382259       14.83445627      13.56777356      13.59357084      13.74208010      11.98776453      12.61257503      13.20829682      12.12224040      10.65014853      10.44409854      12.69144856      12.08453835     
  0.02100000       2.89426612E-01   1129.00397395    -4.77632007      0.10712213       4.70087513       15.10737886      13.87557134      14.10357143      14.23330530      12.35329992      12.92354888      13.64356438      12.38968922      10.83284780      10.59199312      13.11770242      12.36413062     
  0.02100000       3.66524124E-01   1047.51046879    -4.92125886      0.10531452       4.71565772       15.39224465      14.20702932      14.55511000      14.66738086      12.67117296      13.20502730      14.04072260      12.63246325      11.00295668      10.73000635      13.49115991      12.61625616     
  0.02100000       4.64158883E-01   972.99863333     -5.06269502      0.10371933       4.72891448       15.69854687      14.55110542      14.98971273      15.10998739      12.98234449      13.47401914      14.43591146      12.86408855      11.17383067      10.86499304      13.85849081      12.85665449     
  0.02100000       5.87801607E-01   903.94684300     -5.20251028      0.10230129       4.74087154       16.03566430      14.91748347      15.41506509      15.55679397      13.29293877      13.73363960      14.83092322      13.08930349      11.34800909      11.00217625      14.22602322      13.08993989     
  0.02100000       7.44380301E-01   840.57192115     -5.33952693      0.10104648       4.75159151       16.39777546      15.29713073      15.82491186      16.00825900      13.59493450      13.97195533      15.21783292      13.30153272      11.52370663      11.13659397      14.58376838      13.30799446     
  0.02100000       9.42668455E-01   779.22841026     -5.48091052      0.09991670       4.76135739       16.79031466      15.69697692      16.24578833      16.51515411      13.89963090      14.15695487      15.61467997      13.49303322      11.71103240      11.27350925      14.94272313      13.50395934     
  0.02100000       1.19377664E+00   718.18924055     -5.63148145      0.09890066       4.77023520       17.22875972      16.13379503      16.70479136      17.10631316      14.23343375      14.32654465      16.05737453      13.68978675      11.92082259      11.42187095      15.33738201      13.70454159     
  0.02100000       1.51177507E+00   667.89828607     -5.76557138      0.09799894       4.77819081       17.65217066      16.54798879      17.14143368      17.69396731      14.53754697      14.44851295      16.46244841      13.86081128      12.12339454      11.55883979      15.69672121      13.87755849     
  0.02100000       1.91448198E+00   624.14995253     -5.89064963      0.09716850       4.78558252       18.06873633      16.95407274      17.57297948      18.30393604      14.82928177      14.51562347      16.85749977      14.00956238      12.32945829      11.69137607      16.04215570      14.02496263     
  0.02100000       2.42446202E+00   581.05117630     -6.02186656      0.09639694       4.79250702       18.52596647      17.40737719      18.06038247      19.00079884      15.14298871      14.58961478      17.28193907      14.17267727      12.55362707      11.82755271      16.41161995      14.18563755     
  0.02100000       3.07029063E+00   540.57054195     -6.15374738      0.09568697       4.79892793       19.01957069      17.90886341      18.59607301      19.76093622      15.47563243      14.66698117      17.72256878      14.35077616      12.78847408      11.96336269      16.79668729      14.36092593     
  0.02100000       3.88815518E+00   506.40033700     -6.27326715      0.09501852       4.80501704       19.49228118      18.40180775      19.11027352      20.49426575      15.77827780      14.75160003      18.12333213      14.52318458      13.01090713      12.08568860      17.14628678      14.53039221     
  0.02100000       4.92388263E+00   473.47008405     -6.39583822      0.09438989       4.81078261       20.00303160      18.96432691      19.68449153      21.35121955      16.10464683      14.81968504      18.60021141      14.67490088      13.26140847      12.22004146      17.55700314      14.67248542     
  0.02100000       6.23550734E+00   442.53231586     -6.51865571      0.09380071       4.81622131       20.56370255      19.62680709      20.28562464      22.19340610      16.43412448      14.95062261      19.01502896      14.89605035      13.49573997      12.33931297      17.92324353      14.89384691     
  0.02100000       7.89652287E+00   414.90080254     -6.63585543      0.09324215       4.82140892       21.20940980      20.39025354      20.94222475      23.16652728      16.80110411      15.07317604      19.51135278      15.10631728      13.76241975      12.47233422      18.35519076      15.09962046     
  0.02100000       1.00000000E+01   392.09621658     -6.73896154      0.09271538       4.82632996       21.73819323      21.03293335      21.48661181      24.01260303      17.11134988      15.18646449      19.94070048      15.27954165      14.00083792      12.59089293      18.73066155      15.26920775     
