# Mass             Age              Teff             Luminosity       Radius           Gravity          MKO_Y            MKO_J            MKO_H            MKO_K            MKO_Lp           MKO_Mp           W1               W2               W3               W4               IRAC_CH1         IRAC_CH2        
# M/Msun           Gyr              K                L/Lsun           R/Rsun           log(g[cm/s^2])  
  0.04700000       1.00000000E-03   2921.59413760    -1.67693970      0.56716865       3.60309019       0.00000000       0.00000000       0.00000000       0.00000000       0.00000000       0.00000000       0.00000000       0.00000000       0.00000000       0.00000000       0.00000000       0.00000000      
  0.04700000       1.26638017E-03   2920.96612357    -1.70276772      0.55079705       3.62852945       0.00000000       0.00000000       0.00000000       0.00000000       0.00000000       0.00000000       0.00000000       0.00000000       0.00000000       0.00000000       0.00000000       0.00000000      
  0.04700000       1.60371874E-03   2920.59923572    -1.71531803      0.54301787       3.64088437       0.00000000       0.00000000       0.00000000       0.00000000       0.00000000       0.00000000       0.00000000       0.00000000       0.00000000       0.00000000       0.00000000       0.00000000      
  0.04700000       2.03091762E-03   2920.38426634    -1.72564998      0.53669047       3.65106468       0.00000000       0.00000000       0.00000000       0.00000000       0.00000000       0.00000000       0.00000000       0.00000000       0.00000000       0.00000000       0.00000000       0.00000000      
  0.04700000       2.57191381E-03   2920.01502152    -1.73999442      0.52802766       3.66519920       0.00000000       0.00000000       0.00000000       0.00000000       0.00000000       0.00000000       0.00000000       0.00000000       0.00000000       0.00000000       0.00000000       0.00000000      
  0.04700000       3.25702066E-03   2919.45035042    -1.76396968      0.51384275       3.68885179       0.00000000       0.00000000       0.00000000       0.00000000       0.00000000       0.00000000       0.00000000       0.00000000       0.00000000       0.00000000       0.00000000       0.00000000      
  0.04700000       4.12462638E-03   2918.56923361    -1.81382573      0.48548923       3.73815304       0.00000000       0.00000000       0.00000000       0.00000000       0.00000000       0.00000000       0.00000000       0.00000000       0.00000000       0.00000000       0.00000000       0.00000000      
  0.04700000       5.22334507E-03   2915.69141664    -1.94371447      0.41887739       3.86633989       0.00000000       0.00000000       0.00000000       0.00000000       0.00000000       0.00000000       0.00000000       0.00000000       0.00000000       0.00000000       0.00000000       0.00000000      
  0.04700000       6.61474064E-03   2911.80823140    -2.08299053      0.35777212       4.00330120       0.00000000       0.00000000       0.00000000       0.00000000       0.00000000       0.00000000       0.00000000       0.00000000       0.00000000       0.00000000       0.00000000       0.00000000      
  0.04700000       8.37677640E-03   2897.63285547    -2.20360904      0.31443385       4.11545625       0.00000000       0.00000000       0.00000000       0.00000000       0.00000000       0.00000000       0.00000000       0.00000000       0.00000000       0.00000000       0.00000000       0.00000000      
  0.04700000       1.06081836E-02   2881.77164827    -2.31013352      0.28121956       4.21242324       0.00000000       0.00000000       0.00000000       0.00000000       0.00000000       0.00000000       0.00000000       0.00000000       0.00000000       0.00000000       0.00000000       0.00000000      
  0.04700000       1.34339933E-02   2860.57717650    -2.41084275      0.25415682       4.30031142       0.00000000       0.00000000       0.00000000       0.00000000       0.00000000       0.00000000       0.00000000       0.00000000       0.00000000       0.00000000       0.00000000       0.00000000      
  0.04700000       1.70125428E-02   2840.94457422    -2.50336358      0.23164132       4.38088066       0.00000000       0.00000000       0.00000000       0.00000000       0.00000000       0.00000000       0.00000000       0.00000000       0.00000000       0.00000000       0.00000000       0.00000000      
  0.04700000       2.15443469E-02   2819.84127779    -2.59210305      0.21228434       4.45667894       0.00000000       0.00000000       0.00000000       0.00000000       0.00000000       0.00000000       0.00000000       0.00000000       0.00000000       0.00000000       0.00000000       0.00000000      
  0.04700000       2.72833338E-02   2785.41060894    -2.68540418      0.19540834       4.52862860       0.00000000       0.00000000       0.00000000       0.00000000       0.00000000       0.00000000       0.00000000       0.00000000       0.00000000       0.00000000       0.00000000       0.00000000      
  0.04700000       3.45510729E-02   2748.77579347    -2.77630358      0.18071684       4.59651750       0.00000000       0.00000000       0.00000000       0.00000000       0.00000000       0.00000000       0.00000000       0.00000000       0.00000000       0.00000000       0.00000000       0.00000000      
  0.04700000       4.37547938E-02   2705.64933478    -2.86851401      0.16773738       4.66125453       0.00000000       0.00000000       0.00000000       0.00000000       0.00000000       0.00000000       0.00000000       0.00000000       0.00000000       0.00000000       0.00000000       0.00000000      
  0.04700000       5.54102033E-02   2653.14996384    -2.96404694      0.15627082       4.72275898       0.00000000       0.00000000       0.00000000       0.00000000       0.00000000       0.00000000       0.00000000       0.00000000       0.00000000       0.00000000       0.00000000       0.00000000      
  0.04700000       7.01703829E-02   2594.41842913    -3.06123400      0.14612887       4.78104054       0.00000000       0.00000000       0.00000000       0.00000000       0.00000000       0.00000000       0.00000000       0.00000000       0.00000000       0.00000000       0.00000000       0.00000000      
  0.04700000       8.88623816E-02   2524.87690580    -3.16351599      0.13714938       4.83612566       0.00000000       0.00000000       0.00000000       0.00000000       0.00000000       0.00000000       0.00000000       0.00000000       0.00000000       0.00000000       0.00000000       0.00000000      
  0.04700000       1.12533558E-01   2446.73933087    -3.27034511      0.12914397       4.88836498       0.00000000       0.00000000       0.00000000       0.00000000       0.00000000       0.00000000       0.00000000       0.00000000       0.00000000       0.00000000       0.00000000       0.00000000      
  0.04700000       1.42510267E-01   2357.17761697    -3.38363283      0.12213282       4.93684811       0.00000000       0.00000000       0.00000000       0.00000000       0.00000000       0.00000000       0.00000000       0.00000000       0.00000000       0.00000000       0.00000000       0.00000000      
  0.04700000       1.80472177E-01   2249.32588742    -3.50923237      0.11606629       4.98110149       0.00000000       0.00000000       0.00000000       0.00000000       0.00000000       0.00000000       0.00000000       0.00000000       0.00000000       0.00000000       0.00000000       0.00000000      
  0.04700000       2.28546386E-01   2139.99182938    -3.63535138      0.11089950       5.02065474       0.00000000       0.00000000       0.00000000       0.00000000       0.00000000       0.00000000       0.00000000       0.00000000       0.00000000       0.00000000       0.00000000       0.00000000      
  0.04700000       2.89426612E-01   2024.58641816    -3.76725031      0.10644616       5.05625382       0.00000000       0.00000000       0.00000000       0.00000000       0.00000000       0.00000000       0.00000000       0.00000000       0.00000000       0.00000000       0.00000000       0.00000000      
  0.04700000       3.66524124E-01   1905.62025330    -3.90426903      0.10261826       5.08806358       0.00000000       0.00000000       0.00000000       0.00000000       0.00000000       0.00000000       0.00000000       0.00000000       0.00000000       0.00000000       0.00000000       0.00000000      
  0.04700000       4.64158883E-01   1782.78836596    -4.04803089      0.09935878       5.11610041       13.99053416      12.51624974      11.86770471      11.72357869      10.57060468      11.41334453      11.29149782      11.07548614      10.17904395      10.13650608      10.91852805      11.00433290     
  0.04700000       5.87801607E-01   1667.92055902    -4.18837001      0.09658189       5.14072151       14.28021433      12.81893380      12.20636464      12.16603386      10.91451971      11.70789216      11.76487175      11.33762190      10.35346481      10.28428124      11.35026759      11.26786378     
  0.04700000       7.44380301E-01   1557.41771026    -4.32939423      0.09417203       5.16266900       14.50596758      13.08953889      12.58087587      12.64981833      11.29707246      11.99581361      12.27814174      11.59961856      10.53402545      10.43151082      11.82636173      11.53531567     
  0.04700000       9.42668455E-01   1458.24361326    -4.46337387      0.09206359       5.18233692       14.69881257      13.33283471      12.97166234      13.12383896      11.66854515      12.26807271      12.74896105      11.85005616      10.70823515      10.57330941      12.27798379      11.79399660     
  0.04700000       1.19377664E+00   1362.07762838    -4.59984053      0.09018068       5.20028538       14.90328316      13.57085388      13.41185371      13.59252411      12.02416361      12.52911630      13.18153462      12.09530784      10.88324300      10.71722237      12.69952260      12.04899463     
  0.04700000       1.51177507E+00   1266.26042698    -4.74247971      0.08853889       5.21624401       15.13194454      13.82106743      13.89976413      14.06393586      12.37336682      12.79589968      13.60268139      12.34522995      11.06198281      10.86507488      13.10817766      12.30925260     
  0.04700000       1.91448198E+00   1177.48326996    -4.88343214      0.08705722       5.23090262       15.38484032      14.10540362      14.36932964      14.52071216      12.68848910      13.03880611      13.99239548      12.57437221      11.23863922      11.00959096      13.47489558      12.54606369     
  0.04700000       2.42446202E+00   1085.44657187    -5.03743981      0.08580124       5.24352501       15.70185391      14.46081887      14.84680143      14.99719589      13.00812042      13.27580132      14.39756002      12.80159389      11.42186611      11.15573194      13.84870055      12.78056189     
  0.04700000       3.07029063E+00   1009.79060464    -5.17437289      0.08467748       5.25497628       16.01353773      14.80195898      15.25301026      15.42654922      13.28350981      13.45489022      14.75527579      12.98718458      11.58943580      11.28636394      14.17292903      12.97075282     
  0.04700000       3.88815518E+00   933.01561728     -5.32199654      0.08368631       5.26520326       16.39553364      15.18770598      15.69067949      15.92859021      13.57728382      13.62189961      15.14017034      13.17793990      11.77952683      11.42888443      14.51750464      13.16414821     
  0.04700000       4.92388263E+00   870.26375768     -5.45175910      0.08284154       5.27401580       16.75387914      15.54431415      16.07816546      16.38289370      13.84252461      13.76532978      15.48730591      13.34306651      11.95115612      11.55620646      14.82868404      13.33191702     
  0.04700000       6.23550734E+00   820.82604781     -5.56142876      0.08207595       5.28208028       17.07868186      15.85988592      16.40976618      16.80221979      14.06295938      13.85088744      15.77922846      13.47074993      12.10616703      11.66589559      15.08549580      13.46025606     
  0.04700000       7.89652287E+00   778.62841118     -5.66076583      0.08135401       5.28975418       17.38789939      16.15477119      16.71778994      17.21660612      14.26256504      13.92405984      16.04478025      13.59043521      12.25561080      11.76728296      15.31608081      13.57916728     
  0.04700000       1.00000000E+01   739.34173977     -5.75825977      0.08064870       5.29731735       17.69548239      16.44956359      17.02633099      17.64380521      14.46347271      13.99803170      16.31338667      13.71194172      12.40779287      11.86834769      15.54828768      13.69917067     
