# Mass             Age              Teff             Luminosity       Radius           Gravity          MKO_Y            MKO_J            MKO_H            MKO_K            MKO_Lp           MKO_Mp           W1               W2               W3               W4               IRAC_CH1         IRAC_CH2        
# M/Msun           Gyr              K                L/Lsun           R/Rsun           log(g[cm/s^2])  
  0.04200000       1.00000000E-03   2890.82738980    -1.75808625      0.52763834       3.61699195       0.00000000       0.00000000       0.00000000       0.00000000       0.00000000       0.00000000       0.00000000       0.00000000       0.00000000       0.00000000       0.00000000       0.00000000      
  0.04200000       1.26638017E-03   2889.63016205    -1.79312991      0.50719969       3.65130634       0.00000000       0.00000000       0.00000000       0.00000000       0.00000000       0.00000000       0.00000000       0.00000000       0.00000000       0.00000000       0.00000000       0.00000000      
  0.04200000       1.60371874E-03   2888.99815147    -1.81052282      0.49735769       3.66832649       0.00000000       0.00000000       0.00000000       0.00000000       0.00000000       0.00000000       0.00000000       0.00000000       0.00000000       0.00000000       0.00000000       0.00000000      
  0.04200000       2.03091762E-03   2888.61419821    -1.82061535      0.49173890       3.67819448       0.00000000       0.00000000       0.00000000       0.00000000       0.00000000       0.00000000       0.00000000       0.00000000       0.00000000       0.00000000       0.00000000       0.00000000      
  0.04200000       2.57191381E-03   2888.15391378    -1.83239527      0.48526921       3.68969810       0.00000000       0.00000000       0.00000000       0.00000000       0.00000000       0.00000000       0.00000000       0.00000000       0.00000000       0.00000000       0.00000000       0.00000000      
  0.04200000       3.25702066E-03   2887.45049084    -1.85057528      0.47545316       3.70744852       0.00000000       0.00000000       0.00000000       0.00000000       0.00000000       0.00000000       0.00000000       0.00000000       0.00000000       0.00000000       0.00000000       0.00000000      
  0.04200000       4.12462638E-03   2886.03535773    -1.88392667      0.45798261       3.73996568       0.00000000       0.00000000       0.00000000       0.00000000       0.00000000       0.00000000       0.00000000       0.00000000       0.00000000       0.00000000       0.00000000       0.00000000      
  0.04200000       5.22334507E-03   2882.54153258    -1.96612479      0.41764772       3.82004343       0.00000000       0.00000000       0.00000000       0.00000000       0.00000000       0.00000000       0.00000000       0.00000000       0.00000000       0.00000000       0.00000000       0.00000000      
  0.04200000       6.61474064E-03   2874.52024902    -2.12058895      0.35156212       3.96966204       0.00000000       0.00000000       0.00000000       0.00000000       0.00000000       0.00000000       0.00000000       0.00000000       0.00000000       0.00000000       0.00000000       0.00000000      
  0.04200000       8.37677640E-03   2857.98077309    -2.25332558      0.30524518       4.09236689       0.00000000       0.00000000       0.00000000       0.00000000       0.00000000       0.00000000       0.00000000       0.00000000       0.00000000       0.00000000       0.00000000       0.00000000      
  0.04200000       1.06081836E-02   2837.54515814    -2.36884675      0.27109126       4.19543537       0.00000000       0.00000000       0.00000000       0.00000000       0.00000000       0.00000000       0.00000000       0.00000000       0.00000000       0.00000000       0.00000000       0.00000000      
  0.04200000       1.34339933E-02   2813.23252039    -2.47484913      0.24411178       4.28648919       0.00000000       0.00000000       0.00000000       0.00000000       0.00000000       0.00000000       0.00000000       0.00000000       0.00000000       0.00000000       0.00000000       0.00000000      
  0.04200000       1.70125428E-02   2792.51998710    -2.57011453      0.22201131       4.36891423       0.00000000       0.00000000       0.00000000       0.00000000       0.00000000       0.00000000       0.00000000       0.00000000       0.00000000       0.00000000       0.00000000       0.00000000      
  0.04200000       2.15443469E-02   2755.95827699    -2.66976678      0.20323077       4.44568725       0.00000000       0.00000000       0.00000000       0.00000000       0.00000000       0.00000000       0.00000000       0.00000000       0.00000000       0.00000000       0.00000000       0.00000000      
  0.04200000       2.72833338E-02   2720.67421875    -2.76358536      0.18718730       4.51711229       0.00000000       0.00000000       0.00000000       0.00000000       0.00000000       0.00000000       0.00000000       0.00000000       0.00000000       0.00000000       0.00000000       0.00000000      
  0.04200000       3.45510729E-02   2675.39992144    -2.86006515      0.17322587       4.58444030       0.00000000       0.00000000       0.00000000       0.00000000       0.00000000       0.00000000       0.00000000       0.00000000       0.00000000       0.00000000       0.00000000       0.00000000      
  0.04200000       4.37547938E-02   2621.85690881    -2.95845462      0.16105497       4.64771653       0.00000000       0.00000000       0.00000000       0.00000000       0.00000000       0.00000000       0.00000000       0.00000000       0.00000000       0.00000000       0.00000000       0.00000000      
  0.04200000       5.54102033E-02   2560.31938731    -3.05920344      0.15039612       4.70719224       0.00000000       0.00000000       0.00000000       0.00000000       0.00000000       0.00000000       0.00000000       0.00000000       0.00000000       0.00000000       0.00000000       0.00000000      
  0.04200000       7.01703829E-02   2490.31994070    -3.16317329      0.14103564       4.76300608       0.00000000       0.00000000       0.00000000       0.00000000       0.00000000       0.00000000       0.00000000       0.00000000       0.00000000       0.00000000       0.00000000       0.00000000      
  0.04200000       8.88623816E-02   2411.25483882    -3.27202300      0.13271417       4.81582989       0.00000000       0.00000000       0.00000000       0.00000000       0.00000000       0.00000000       0.00000000       0.00000000       0.00000000       0.00000000       0.00000000       0.00000000      
  0.04200000       1.12533558E-01   2318.85903787    -3.38855579      0.12548569       4.86447544       0.00000000       0.00000000       0.00000000       0.00000000       0.00000000       0.00000000       0.00000000       0.00000000       0.00000000       0.00000000       0.00000000       0.00000000      
  0.04200000       1.42510267E-01   2209.16824790    -3.51695578      0.11925840       4.90868735       0.00000000       0.00000000       0.00000000       0.00000000       0.00000000       0.00000000       0.00000000       0.00000000       0.00000000       0.00000000       0.00000000       0.00000000      
  0.04200000       1.80472177E-01   2103.30758891    -3.64177043      0.11395355       4.94820937       0.00000000       0.00000000       0.00000000       0.00000000       0.00000000       0.00000000       0.00000000       0.00000000       0.00000000       0.00000000       0.00000000       0.00000000      
  0.04200000       2.28546386E-01   1986.16892236    -3.77667554      0.10941051       4.98354719       0.00000000       0.00000000       0.00000000       0.00000000       0.00000000       0.00000000       0.00000000       0.00000000       0.00000000       0.00000000       0.00000000       0.00000000      
  0.04200000       2.89426612E-01   1868.67678589    -3.91421493      0.10550049       5.01515487       0.00000000       0.00000000       0.00000000       0.00000000       0.00000000       0.00000000       0.00000000       0.00000000       0.00000000       0.00000000       0.00000000       0.00000000      
  0.04200000       3.66524124E-01   1749.00330563    -4.05703617      0.10217087       5.04301054       13.99914920      12.52794420      11.89120034      11.74790818      10.56896744      11.42155616      11.30978578      11.07958460      10.14913839      10.10301562      10.92780038      11.00774580     
  0.04200000       4.64158883E-01   1635.70638544    -4.19783971      0.09933374       5.06747082       14.27701790      12.82624701      12.23498275      12.20235807      10.92207432      11.72031687      11.79658709      11.34515918      10.32548862      10.25035185      11.37117034      11.27526700     
  0.04200000       5.87801607E-01   1527.33478691    -4.33875949      0.09686922       5.08929256       14.49894686      13.09605219      12.61242832      12.69356622      11.31124386      12.01030426      12.31565180      11.60875049      10.50655694      10.39666836      11.85463202      11.54514340     
  0.04200000       7.44380301E-01   1434.05637271    -4.46794333      0.09469586       5.10900195       14.68700542      13.33142732      12.99470688      13.14777445      11.66404656      12.27581442      12.75615700      11.85247245      10.67533131      10.53495008      12.27986969      11.79691665     
  0.04200000       9.42668455E-01   1332.80553669    -4.61300538      0.09276768       5.12687057       14.91154722      13.58311303      13.47104199      13.64595037      12.04468227      12.55385140      13.21713356      12.11215189      10.85856950      10.68458869      12.73101490      12.06797077     
  0.04200000       1.19377664E+00   1247.61115664    -4.74366045      0.09108370       5.14278239       15.11810413      13.81632969      13.91847714      14.07768617      12.36298825      12.80566073      13.60188370      12.34469064      11.02446313      10.82205377      13.10267256      12.30970423     
  0.04200000       1.51177507E+00   1153.33388437    -4.89490102      0.08955182       5.15751480       15.39657352      14.13060931      14.41877942      14.56443298      12.69943427      13.06865350      14.01713031      12.58969742      11.21080504      10.97353405      13.49428620      12.56327866     
  0.04200000       1.91448198E+00   1064.10699658    -5.04721273      0.08827746       5.16996391       15.71120751      14.48872081      14.88477761      15.02741118      13.01485618      13.30748782      14.41849237      12.81555771      11.38969159      11.11609127      13.86438632      12.79653712     
  0.04200000       2.42446202E+00   990.45309705     -5.18316315      0.08713121       5.18131606       16.02564838      14.82992711      15.28778215      15.45724790      13.29015923      13.49039680      14.77604344      13.00270427      11.55705508      11.24609637      14.18866553      12.98828739     
  0.04200000       3.07029063E+00   912.96009726     -5.33503672      0.08609837       5.19167371       16.42228038      15.23025283      15.74316502      15.97681125      13.60252517      13.68642163      15.18373904      13.21045688      11.75370888      11.39442452      14.55627069      13.19975492     
  0.04200000       3.88815518E+00   846.69097259     -5.47499700      0.08520889       5.20069374       16.81133243      15.62047075      16.15977411      16.46697733      13.88846178      13.83350525      15.55841219      13.38319144      11.93775134      11.52983088      14.89158556      13.37550250     
  0.04200000       4.92388263E+00   791.65612748     -5.59977499      0.08442370       5.20873474       17.18924378      15.98555046      16.54188436      16.96515344      14.14056419      13.92873740      15.89405362      13.53000018      12.11746048      11.65358584      15.18502862      13.52244413     
  0.04200000       6.23550734E+00   745.38856410     -5.71182437      0.08370277       5.21618385       17.53892976      16.32111905      16.89326567      17.44759426      14.37241408      14.01278158      16.20490076      13.66690941      12.28832109      11.76744857      15.45419863      13.65805225     
  0.04200000       7.89652287E+00   703.04826771     -5.82037628      0.08303580       5.22313278       17.88014157      16.65127059      17.23971540      17.93393444      14.60630311      14.09023667      16.52130274      13.79975990      12.45926241      11.87994658      15.72820121      13.78931073     
  0.04200000       1.00000000E+01   667.79447379     -5.91641938      0.08239958       5.22981353       18.19832845      16.96126339      17.56524504      18.39636257      14.81342232      14.15487545      16.80102570      13.92086074      12.62028431      11.98282755      15.97080901      13.90864259     
