# Mass             Age              Teff             Luminosity       Radius           Gravity          NIRCAM-F480M     NIRCAM-F187N     NIRCAM-F356W     NIRCAM-F150W2    NIRCAM-F210M     NIRCAM-F470N     NIRCAM-F150W     NIRCAM-F405N     NIRCAM-F335M     NIRCAM-F140M     NIRCAM-F182M     NIRCAM-F070W     NIRCAM-F200W     NIRCAM-F360M     NIRCAM-F460M     NIRCAM-F466N     NIRCAM-F323N     NIRCAM-F430M     NIRCAM-F212N     NIRCAM-F410M     NIRCAM-F300M     NIRCAM-F444W     NIRCAM-F250M     NIRCAM-F277W     NIRCAM-F162M     NIRCAM-F090W     NIRCAM-F164N     NIRCAM-F322W2    NIRCAM-F115W    
# M/Msun           Gyr              K                L/Lsun           R/Rsun           log(g[cm/s^2])  
  0.06700000       1.00000000E-03   3024.26770090    -1.39792635      0.72982400       3.53805281       0.00000000       0.00000000       0.00000000       0.00000000       0.00000000       0.00000000       0.00000000       0.00000000       0.00000000       0.00000000       0.00000000       0.00000000       0.00000000       0.00000000       0.00000000       0.00000000       0.00000000       0.00000000       0.00000000       0.00000000       0.00000000       0.00000000       0.00000000       0.00000000       0.00000000       0.00000000       0.00000000       0.00000000       0.00000000      
  0.06700000       1.26638017E-03   3023.93138598    -1.40874120      0.72095284       3.54867565       0.00000000       0.00000000       0.00000000       0.00000000       0.00000000       0.00000000       0.00000000       0.00000000       0.00000000       0.00000000       0.00000000       0.00000000       0.00000000       0.00000000       0.00000000       0.00000000       0.00000000       0.00000000       0.00000000       0.00000000       0.00000000       0.00000000       0.00000000       0.00000000       0.00000000       0.00000000       0.00000000       0.00000000       0.00000000      
  0.06700000       1.60371874E-03   3023.63942891    -1.42093985      0.71105317       3.56068522       0.00000000       0.00000000       0.00000000       0.00000000       0.00000000       0.00000000       0.00000000       0.00000000       0.00000000       0.00000000       0.00000000       0.00000000       0.00000000       0.00000000       0.00000000       0.00000000       0.00000000       0.00000000       0.00000000       0.00000000       0.00000000       0.00000000       0.00000000       0.00000000       0.00000000       0.00000000       0.00000000       0.00000000       0.00000000      
  0.06700000       2.03091762E-03   3023.29133959    -1.43960840      0.69609768       3.57914867       0.00000000       0.00000000       0.00000000       0.00000000       0.00000000       0.00000000       0.00000000       0.00000000       0.00000000       0.00000000       0.00000000       0.00000000       0.00000000       0.00000000       0.00000000       0.00000000       0.00000000       0.00000000       0.00000000       0.00000000       0.00000000       0.00000000       0.00000000       0.00000000       0.00000000       0.00000000       0.00000000       0.00000000       0.00000000      
  0.06700000       2.57191381E-03   3023.01289699    -1.47403469      0.66916357       3.61342469       0.00000000       0.00000000       0.00000000       0.00000000       0.00000000       0.00000000       0.00000000       0.00000000       0.00000000       0.00000000       0.00000000       0.00000000       0.00000000       0.00000000       0.00000000       0.00000000       0.00000000       0.00000000       0.00000000       0.00000000       0.00000000       0.00000000       0.00000000       0.00000000       0.00000000       0.00000000       0.00000000       0.00000000       0.00000000      
  0.06700000       3.25702066E-03   3024.12682128    -1.55919420      0.60622331       3.69922386       0.00000000       0.00000000       0.00000000       0.00000000       0.00000000       0.00000000       0.00000000       0.00000000       0.00000000       0.00000000       0.00000000       0.00000000       0.00000000       0.00000000       0.00000000       0.00000000       0.00000000       0.00000000       0.00000000       0.00000000       0.00000000       0.00000000       0.00000000       0.00000000       0.00000000       0.00000000       0.00000000       0.00000000       0.00000000      
  0.06700000       4.12462638E-03   3027.06919754    -1.70323221      0.51258183       3.84496489       0.00000000       0.00000000       0.00000000       0.00000000       0.00000000       0.00000000       0.00000000       0.00000000       0.00000000       0.00000000       0.00000000       0.00000000       0.00000000       0.00000000       0.00000000       0.00000000       0.00000000       0.00000000       0.00000000       0.00000000       0.00000000       0.00000000       0.00000000       0.00000000       0.00000000       0.00000000       0.00000000       0.00000000       0.00000000      
  0.06700000       5.22334507E-03   3030.67966081    -1.82179391      0.44610942       3.96560624       0.00000000       0.00000000       0.00000000       0.00000000       0.00000000       0.00000000       0.00000000       0.00000000       0.00000000       0.00000000       0.00000000       0.00000000       0.00000000       0.00000000       0.00000000       0.00000000       0.00000000       0.00000000       0.00000000       0.00000000       0.00000000       0.00000000       0.00000000       0.00000000       0.00000000       0.00000000       0.00000000       0.00000000       0.00000000      
  0.06700000       6.61474064E-03   3025.40587296    -1.92868422      0.39582805       4.06947813       0.00000000       0.00000000       0.00000000       0.00000000       0.00000000       0.00000000       0.00000000       0.00000000       0.00000000       0.00000000       0.00000000       0.00000000       0.00000000       0.00000000       0.00000000       0.00000000       0.00000000       0.00000000       0.00000000       0.00000000       0.00000000       0.00000000       0.00000000       0.00000000       0.00000000       0.00000000       0.00000000       0.00000000       0.00000000      
  0.06700000       8.37677640E-03   3016.19670746    -2.02662374      0.35579486       4.16209125       0.00000000       0.00000000       0.00000000       0.00000000       0.00000000       0.00000000       0.00000000       0.00000000       0.00000000       0.00000000       0.00000000       0.00000000       0.00000000       0.00000000       0.00000000       0.00000000       0.00000000       0.00000000       0.00000000       0.00000000       0.00000000       0.00000000       0.00000000       0.00000000       0.00000000       0.00000000       0.00000000       0.00000000       0.00000000      
  0.06700000       1.06081836E-02   3008.04610109    -2.11666609      0.32249240       4.24745317       0.00000000       0.00000000       0.00000000       0.00000000       0.00000000       0.00000000       0.00000000       0.00000000       0.00000000       0.00000000       0.00000000       0.00000000       0.00000000       0.00000000       0.00000000       0.00000000       0.00000000       0.00000000       0.00000000       0.00000000       0.00000000       0.00000000       0.00000000       0.00000000       0.00000000       0.00000000       0.00000000       0.00000000       0.00000000      
  0.06700000       1.34339933E-02   2999.66639861    -2.20198989      0.29395435       4.32793093       0.00000000       0.00000000       0.00000000       0.00000000       0.00000000       0.00000000       0.00000000       0.00000000       0.00000000       0.00000000       0.00000000       0.00000000       0.00000000       0.00000000       0.00000000       0.00000000       0.00000000       0.00000000       0.00000000       0.00000000       0.00000000       0.00000000       0.00000000       0.00000000       0.00000000       0.00000000       0.00000000       0.00000000       0.00000000      
  0.06700000       1.70125428E-02   2990.46175209    -2.28407244      0.26909595       4.40467767       0.00000000       0.00000000       0.00000000       0.00000000       0.00000000       0.00000000       0.00000000       0.00000000       0.00000000       0.00000000       0.00000000       0.00000000       0.00000000       0.00000000       0.00000000       0.00000000       0.00000000       0.00000000       0.00000000       0.00000000       0.00000000       0.00000000       0.00000000       0.00000000       0.00000000       0.00000000       0.00000000       0.00000000       0.00000000      
  0.06700000       2.15443469E-02   2980.04979854    -2.36412001      0.24712554       4.47865665       0.00000000       0.00000000       0.00000000       0.00000000       0.00000000       0.00000000       0.00000000       0.00000000       0.00000000       0.00000000       0.00000000       0.00000000       0.00000000       0.00000000       0.00000000       0.00000000       0.00000000       0.00000000       0.00000000       0.00000000       0.00000000       0.00000000       0.00000000       0.00000000       0.00000000       0.00000000       0.00000000       0.00000000       0.00000000      
  0.06700000       2.72833338E-02   2960.22739663    -2.44769583      0.22746906       4.55064706       0.00000000       0.00000000       0.00000000       0.00000000       0.00000000       0.00000000       0.00000000       0.00000000       0.00000000       0.00000000       0.00000000       0.00000000       0.00000000       0.00000000       0.00000000       0.00000000       0.00000000       0.00000000       0.00000000       0.00000000       0.00000000       0.00000000       0.00000000       0.00000000       0.00000000       0.00000000       0.00000000       0.00000000       0.00000000      
  0.06700000       3.45510729E-02   2942.84585863    -2.52711713      0.21005403       4.61982998       0.00000000       0.00000000       0.00000000       0.00000000       0.00000000       0.00000000       0.00000000       0.00000000       0.00000000       0.00000000       0.00000000       0.00000000       0.00000000       0.00000000       0.00000000       0.00000000       0.00000000       0.00000000       0.00000000       0.00000000       0.00000000       0.00000000       0.00000000       0.00000000       0.00000000       0.00000000       0.00000000       0.00000000       0.00000000      
  0.06700000       4.37547938E-02   2923.92698426    -2.60589866      0.19433164       4.68740268       0.00000000       0.00000000       0.00000000       0.00000000       0.00000000       0.00000000       0.00000000       0.00000000       0.00000000       0.00000000       0.00000000       0.00000000       0.00000000       0.00000000       0.00000000       0.00000000       0.00000000       0.00000000       0.00000000       0.00000000       0.00000000       0.00000000       0.00000000       0.00000000       0.00000000       0.00000000       0.00000000       0.00000000       0.00000000      
  0.06700000       5.54102033E-02   2893.67167715    -2.68996461      0.18011501       4.75339067       0.00000000       0.00000000       0.00000000       0.00000000       0.00000000       0.00000000       0.00000000       0.00000000       0.00000000       0.00000000       0.00000000       0.00000000       0.00000000       0.00000000       0.00000000       0.00000000       0.00000000       0.00000000       0.00000000       0.00000000       0.00000000       0.00000000       0.00000000       0.00000000       0.00000000       0.00000000       0.00000000       0.00000000       0.00000000      
  0.06700000       7.01703829E-02   2861.80059344    -2.77304985      0.16735034       4.81723615       0.00000000       0.00000000       0.00000000       0.00000000       0.00000000       0.00000000       0.00000000       0.00000000       0.00000000       0.00000000       0.00000000       0.00000000       0.00000000       0.00000000       0.00000000       0.00000000       0.00000000       0.00000000       0.00000000       0.00000000       0.00000000       0.00000000       0.00000000       0.00000000       0.00000000       0.00000000       0.00000000       0.00000000       0.00000000      
  0.06700000       8.88623816E-02   2824.67450669    -2.85796236      0.15577934       4.87946945       0.00000000       0.00000000       0.00000000       0.00000000       0.00000000       0.00000000       0.00000000       0.00000000       0.00000000       0.00000000       0.00000000       0.00000000       0.00000000       0.00000000       0.00000000       0.00000000       0.00000000       0.00000000       0.00000000       0.00000000       0.00000000       0.00000000       0.00000000       0.00000000       0.00000000       0.00000000       0.00000000       0.00000000       0.00000000      
  0.06700000       1.12533558E-01   2778.48457093    -2.94686933      0.14533570       4.93974445       0.00000000       0.00000000       0.00000000       0.00000000       0.00000000       0.00000000       0.00000000       0.00000000       0.00000000       0.00000000       0.00000000       0.00000000       0.00000000       0.00000000       0.00000000       0.00000000       0.00000000       0.00000000       0.00000000       0.00000000       0.00000000       0.00000000       0.00000000       0.00000000       0.00000000       0.00000000       0.00000000       0.00000000       0.00000000      
  0.06700000       1.42510267E-01   2725.13520877    -3.03830334      0.13598366       4.99751561       0.00000000       0.00000000       0.00000000       0.00000000       0.00000000       0.00000000       0.00000000       0.00000000       0.00000000       0.00000000       0.00000000       0.00000000       0.00000000       0.00000000       0.00000000       0.00000000       0.00000000       0.00000000       0.00000000       0.00000000       0.00000000       0.00000000       0.00000000       0.00000000       0.00000000       0.00000000       0.00000000       0.00000000       0.00000000      
  0.06700000       1.80472177E-01   2662.37576720    -3.13374713      0.12764662       5.05247042       0.00000000       0.00000000       0.00000000       0.00000000       0.00000000       0.00000000       0.00000000       0.00000000       0.00000000       0.00000000       0.00000000       0.00000000       0.00000000       0.00000000       0.00000000       0.00000000       0.00000000       0.00000000       0.00000000       0.00000000       0.00000000       0.00000000       0.00000000       0.00000000       0.00000000       0.00000000       0.00000000       0.00000000       0.00000000      
  0.06700000       2.28546386E-01   2588.41273700    -3.23432335      0.12028248       5.10408572       0.00000000       0.00000000       0.00000000       0.00000000       0.00000000       0.00000000       0.00000000       0.00000000       0.00000000       0.00000000       0.00000000       0.00000000       0.00000000       0.00000000       0.00000000       0.00000000       0.00000000       0.00000000       0.00000000       0.00000000       0.00000000       0.00000000       0.00000000       0.00000000       0.00000000       0.00000000       0.00000000       0.00000000       0.00000000      
  0.06700000       2.89426612E-01   2506.36362836    -3.33802039      0.11384653       5.15184956       0.00000000       0.00000000       0.00000000       0.00000000       0.00000000       0.00000000       0.00000000       0.00000000       0.00000000       0.00000000       0.00000000       0.00000000       0.00000000       0.00000000       0.00000000       0.00000000       0.00000000       0.00000000       0.00000000       0.00000000       0.00000000       0.00000000       0.00000000       0.00000000       0.00000000       0.00000000       0.00000000       0.00000000       0.00000000      
  0.06700000       3.66524124E-01   2415.60793815    -3.44601855      0.10823621       5.19574491       0.00000000       0.00000000       0.00000000       0.00000000       0.00000000       0.00000000       0.00000000       0.00000000       0.00000000       0.00000000       0.00000000       0.00000000       0.00000000       0.00000000       0.00000000       0.00000000       0.00000000       0.00000000       0.00000000       0.00000000       0.00000000       0.00000000       0.00000000       0.00000000       0.00000000       0.00000000       0.00000000       0.00000000       0.00000000      
  0.06700000       4.64158883E-01   2310.64211779    -3.56260570      0.10343414       5.23516329       0.00000000       0.00000000       0.00000000       0.00000000       0.00000000       0.00000000       0.00000000       0.00000000       0.00000000       0.00000000       0.00000000       0.00000000       0.00000000       0.00000000       0.00000000       0.00000000       0.00000000       0.00000000       0.00000000       0.00000000       0.00000000       0.00000000       0.00000000       0.00000000       0.00000000       0.00000000       0.00000000       0.00000000       0.00000000      
  0.06700000       5.87801607E-01   2205.66989175    -3.67829983      0.09935500       5.27011035       0.00000000       0.00000000       0.00000000       0.00000000       0.00000000       0.00000000       0.00000000       0.00000000       0.00000000       0.00000000       0.00000000       0.00000000       0.00000000       0.00000000       0.00000000       0.00000000       0.00000000       0.00000000       0.00000000       0.00000000       0.00000000       0.00000000       0.00000000       0.00000000       0.00000000       0.00000000       0.00000000       0.00000000       0.00000000      
  0.06700000       7.44380301E-01   2103.96728520    -3.79158074      0.09584152       5.30138255       0.00000000       0.00000000       0.00000000       0.00000000       0.00000000       0.00000000       0.00000000       0.00000000       0.00000000       0.00000000       0.00000000       0.00000000       0.00000000       0.00000000       0.00000000       0.00000000       0.00000000       0.00000000       0.00000000       0.00000000       0.00000000       0.00000000       0.00000000       0.00000000       0.00000000       0.00000000       0.00000000       0.00000000       0.00000000      
  0.06700000       9.42668455E-01   1993.39009232    -3.91320109      0.09282150       5.32919295       0.00000000       0.00000000       0.00000000       0.00000000       0.00000000       0.00000000       0.00000000       0.00000000       0.00000000       0.00000000       0.00000000       0.00000000       0.00000000       0.00000000       0.00000000       0.00000000       0.00000000       0.00000000       0.00000000       0.00000000       0.00000000       0.00000000       0.00000000       0.00000000       0.00000000       0.00000000       0.00000000       0.00000000       0.00000000      
  0.06700000       1.19377664E+00   1885.05546101    -4.03469995      0.09024630       5.35363098       0.00000000       0.00000000       0.00000000       0.00000000       0.00000000       0.00000000       0.00000000       0.00000000       0.00000000       0.00000000       0.00000000       0.00000000       0.00000000       0.00000000       0.00000000       0.00000000       0.00000000       0.00000000       0.00000000       0.00000000       0.00000000       0.00000000       0.00000000       0.00000000       0.00000000       0.00000000       0.00000000       0.00000000       0.00000000      
  0.06700000       1.51177507E+00   1775.35493665    -4.16024009      0.08805175       5.37501346       11.61027486      13.05818406      11.27345843      12.72697824      12.12178328      11.62404527      12.64011731      10.60789816      11.92622503      13.50887875      12.71670821      19.67365793      12.46107978      11.13799030      11.72425817      11.59703713      12.06010738      11.12006419      11.94018415      10.69614853      12.28006854      11.05622774      12.67116845      12.54738631      11.92303105      15.16241764      11.76832777      11.80624916      13.30501454     
  0.06700000       1.91448198E+00   1675.02922574    -4.28040122      0.08613667       5.39411293       11.84490438      13.41466514      11.64922029      13.03693284      12.44882399      11.86459264      12.93938196      10.81276700      12.47883342      13.87618803      13.06373480      20.50072903      12.80446453      11.54159463      11.96949431      11.83108777      12.61828751      11.34079516      12.26445893      10.91191697      12.58372165      11.27519258      13.02081350      12.86452049      12.21843293      15.48920675      12.07637809      12.15469112      13.56127554     
  0.06700000       2.42446202E+00   1578.37491525    -4.40078110      0.08445424       5.41124620       12.07011603      13.80612227      12.03303093      13.35603178      12.79070588      12.09653063      13.26758120      11.03221597      12.99725061      14.27937377      13.44294344      21.28658400      13.16963302      11.96209298      12.20537657      12.05447866      13.15816868      11.57013292      12.60197661      11.15040262      12.90586754      11.50644674      13.40575765      13.21143003      12.54895892      15.81202019      12.43157527      12.51593185      13.78863078     
  0.06700000       3.07029063E+00   1491.14043049    -4.51520144      0.08294374       5.42692187       12.28317630      14.19502233      12.38897086      13.66581238      13.12378401      12.31729353      13.60234740      11.25068144      13.45203519      14.68850836      13.82364382      21.99408371      13.52782842      12.34610086      12.42963235      12.26555875      13.63887880      11.79094713      12.93143249      11.39020458      13.21262509      11.73442848      13.78768882      13.55050599      12.89277366      16.12600596      12.81002556      12.85652990      13.99462776     
  0.06700000       3.88815518E+00   1408.46388329    -4.62921900      0.08153041       5.44184984       12.49245724      14.61843031      12.72927119      13.98988254      13.46338252      12.53509069      13.97606266      11.47643263      13.88218532      15.15910325      14.23754708      22.66835066      13.90041986      12.70098302      12.65069483      12.47177573      14.09630736      12.01217452      13.26562083      11.63729797      13.53080747      11.96602570      14.19278011      13.91016695      13.27474960      16.46958369      13.24161593      13.19377359      14.20637944     
  0.06700000       4.92388263E+00   1312.80006538    -4.76521623      0.08024538       5.45564898       12.70798246      15.11178841      13.08916416      14.36037663      13.84568195      12.75991423      14.41517652      11.72706331      14.34905625      15.68219844      14.72142227      23.39443438      14.32319088      13.07015820      12.87861527      12.68262594      14.59802836      12.24407174      13.64160209      11.90642225      13.88981623      12.21424068      14.65938475      14.32206735      13.72954645      16.88978490      13.76534225      13.56020638      14.46181476     
  0.06700000       6.23550734E+00   1235.35950436    -4.88308912      0.07911973       5.46791941       12.89408945      15.55919388      13.39108851      14.69067984      14.18605096      12.95613110      14.80450194      11.94625987      14.75507869      16.15598056      15.15606696      24.00687272      14.69926455      13.38015576      13.07602885      12.86429619      15.02061115      12.43920728      13.97705995      12.13576083      14.21042821      12.42599220      15.08349369      14.69361767      14.13080870      17.27265470      14.24119717      13.87441267      14.70662426     
  0.06700000       7.89652287E+00   1174.03198144    -4.98377504      0.07801442       5.48013930       13.03105006      15.94506390      13.62925263      14.97347732      14.48018677      13.09827249      15.12247508      12.12543813      15.08241479      16.55508021      15.52507564      24.49671021      15.02113189      13.62644571      13.21770081      12.99560681      15.36662812      12.58271814      14.26890490      12.31675382      14.48138392      12.58919716      15.44225668      15.00931120      14.45276500      17.60267624      14.62209118      14.12774519      14.93715166     
  0.06700000       1.00000000E+01   1110.65949115    -5.09391283      0.07679003       5.49387933       13.16951381      16.35849439      13.87743074      15.27958879      14.79691801      13.24155532      15.45109477      12.31406252      15.42606832      16.97346441      15.92026222      24.97882120      15.36556766      13.88399693      13.35998717      13.12778485      15.74939214      12.73031693      14.58482504      12.50609414      14.76975311      12.75829056      15.82528018      15.34541517      14.78493168      17.95674553      15.01675199      14.39230333      15.20054901     
