# Mass             Age              Teff             Luminosity       Radius           Gravity          NIRCAM-F480M     NIRCAM-F187N     NIRCAM-F356W     NIRCAM-F150W2    NIRCAM-F210M     NIRCAM-F470N     NIRCAM-F150W     NIRCAM-F405N     NIRCAM-F335M     NIRCAM-F140M     NIRCAM-F182M     NIRCAM-F070W     NIRCAM-F200W     NIRCAM-F360M     NIRCAM-F460M     NIRCAM-F466N     NIRCAM-F323N     NIRCAM-F430M     NIRCAM-F212N     NIRCAM-F410M     NIRCAM-F300M     NIRCAM-F444W     NIRCAM-F250M     NIRCAM-F277W     NIRCAM-F162M     NIRCAM-F090W     NIRCAM-F164N     NIRCAM-F322W2    NIRCAM-F115W    
# M/Msun           Gyr              K                L/Lsun           R/Rsun           log(g[cm/s^2])  
  0.07000000       1.00000000E-03   3040.69195562    -1.36049524      0.75376892       3.52903638       0.00000000       0.00000000       0.00000000       0.00000000       0.00000000       0.00000000       0.00000000       0.00000000       0.00000000       0.00000000       0.00000000       0.00000000       0.00000000       0.00000000       0.00000000       0.00000000       0.00000000       0.00000000       0.00000000       0.00000000       0.00000000       0.00000000       0.00000000       0.00000000       0.00000000       0.00000000       0.00000000       0.00000000       0.00000000      
  0.07000000       1.26638017E-03   3040.26926066    -1.37119898      0.74474938       3.53949227       0.00000000       0.00000000       0.00000000       0.00000000       0.00000000       0.00000000       0.00000000       0.00000000       0.00000000       0.00000000       0.00000000       0.00000000       0.00000000       0.00000000       0.00000000       0.00000000       0.00000000       0.00000000       0.00000000       0.00000000       0.00000000       0.00000000       0.00000000       0.00000000       0.00000000       0.00000000       0.00000000       0.00000000       0.00000000      
  0.07000000       1.60371874E-03   3039.76492857    -1.38434925      0.73378508       3.55237489       0.00000000       0.00000000       0.00000000       0.00000000       0.00000000       0.00000000       0.00000000       0.00000000       0.00000000       0.00000000       0.00000000       0.00000000       0.00000000       0.00000000       0.00000000       0.00000000       0.00000000       0.00000000       0.00000000       0.00000000       0.00000000       0.00000000       0.00000000       0.00000000       0.00000000       0.00000000       0.00000000       0.00000000       0.00000000      
  0.07000000       2.03091762E-03   3039.13505527    -1.40526017      0.71662965       3.57292299       0.00000000       0.00000000       0.00000000       0.00000000       0.00000000       0.00000000       0.00000000       0.00000000       0.00000000       0.00000000       0.00000000       0.00000000       0.00000000       0.00000000       0.00000000       0.00000000       0.00000000       0.00000000       0.00000000       0.00000000       0.00000000       0.00000000       0.00000000       0.00000000       0.00000000       0.00000000       0.00000000       0.00000000       0.00000000      
  0.07000000       2.57191381E-03   3038.36538737    -1.44568742      0.68439090       3.61290403       0.00000000       0.00000000       0.00000000       0.00000000       0.00000000       0.00000000       0.00000000       0.00000000       0.00000000       0.00000000       0.00000000       0.00000000       0.00000000       0.00000000       0.00000000       0.00000000       0.00000000       0.00000000       0.00000000       0.00000000       0.00000000       0.00000000       0.00000000       0.00000000       0.00000000       0.00000000       0.00000000       0.00000000       0.00000000      
  0.07000000       3.25702066E-03   3039.34499854    -1.54944213      0.60693741       3.71722447       0.00000000       0.00000000       0.00000000       0.00000000       0.00000000       0.00000000       0.00000000       0.00000000       0.00000000       0.00000000       0.00000000       0.00000000       0.00000000       0.00000000       0.00000000       0.00000000       0.00000000       0.00000000       0.00000000       0.00000000       0.00000000       0.00000000       0.00000000       0.00000000       0.00000000       0.00000000       0.00000000       0.00000000       0.00000000      
  0.07000000       4.12462638E-03   3043.29345388    -1.68849513      0.51581962       3.85851925       0.00000000       0.00000000       0.00000000       0.00000000       0.00000000       0.00000000       0.00000000       0.00000000       0.00000000       0.00000000       0.00000000       0.00000000       0.00000000       0.00000000       0.00000000       0.00000000       0.00000000       0.00000000       0.00000000       0.00000000       0.00000000       0.00000000       0.00000000       0.00000000       0.00000000       0.00000000       0.00000000       0.00000000       0.00000000      
  0.07000000       5.22334507E-03   3047.62086922    -1.80232127      0.45117228       3.97483060       0.00000000       0.00000000       0.00000000       0.00000000       0.00000000       0.00000000       0.00000000       0.00000000       0.00000000       0.00000000       0.00000000       0.00000000       0.00000000       0.00000000       0.00000000       0.00000000       0.00000000       0.00000000       0.00000000       0.00000000       0.00000000       0.00000000       0.00000000       0.00000000       0.00000000       0.00000000       0.00000000       0.00000000       0.00000000      
  0.07000000       6.61474064E-03   3040.99351061    -1.90737796      0.40151219       4.07611685       0.00000000       0.00000000       0.00000000       0.00000000       0.00000000       0.00000000       0.00000000       0.00000000       0.00000000       0.00000000       0.00000000       0.00000000       0.00000000       0.00000000       0.00000000       0.00000000       0.00000000       0.00000000       0.00000000       0.00000000       0.00000000       0.00000000       0.00000000       0.00000000       0.00000000       0.00000000       0.00000000       0.00000000       0.00000000      
  0.07000000       8.37677640E-03   3031.43620344    -2.00373714      0.36162233       4.16700421       0.00000000       0.00000000       0.00000000       0.00000000       0.00000000       0.00000000       0.00000000       0.00000000       0.00000000       0.00000000       0.00000000       0.00000000       0.00000000       0.00000000       0.00000000       0.00000000       0.00000000       0.00000000       0.00000000       0.00000000       0.00000000       0.00000000       0.00000000       0.00000000       0.00000000       0.00000000       0.00000000       0.00000000       0.00000000      
  0.07000000       1.06081836E-02   3023.36056512    -2.09253629      0.32823086       4.25115516       0.00000000       0.00000000       0.00000000       0.00000000       0.00000000       0.00000000       0.00000000       0.00000000       0.00000000       0.00000000       0.00000000       0.00000000       0.00000000       0.00000000       0.00000000       0.00000000       0.00000000       0.00000000       0.00000000       0.00000000       0.00000000       0.00000000       0.00000000       0.00000000       0.00000000       0.00000000       0.00000000       0.00000000       0.00000000      
  0.07000000       1.34339933E-02   3015.03002772    -2.17694438      0.29948124       4.33077331       0.00000000       0.00000000       0.00000000       0.00000000       0.00000000       0.00000000       0.00000000       0.00000000       0.00000000       0.00000000       0.00000000       0.00000000       0.00000000       0.00000000       0.00000000       0.00000000       0.00000000       0.00000000       0.00000000       0.00000000       0.00000000       0.00000000       0.00000000       0.00000000       0.00000000       0.00000000       0.00000000       0.00000000       0.00000000      
  0.07000000       1.70125428E-02   3006.91278778    -2.25787019      0.27431699       4.40700985       0.00000000       0.00000000       0.00000000       0.00000000       0.00000000       0.00000000       0.00000000       0.00000000       0.00000000       0.00000000       0.00000000       0.00000000       0.00000000       0.00000000       0.00000000       0.00000000       0.00000000       0.00000000       0.00000000       0.00000000       0.00000000       0.00000000       0.00000000       0.00000000       0.00000000       0.00000000       0.00000000       0.00000000       0.00000000      
  0.07000000       2.15443469E-02   2998.48519611    -2.33638072      0.25201905       4.48064817       0.00000000       0.00000000       0.00000000       0.00000000       0.00000000       0.00000000       0.00000000       0.00000000       0.00000000       0.00000000       0.00000000       0.00000000       0.00000000       0.00000000       0.00000000       0.00000000       0.00000000       0.00000000       0.00000000       0.00000000       0.00000000       0.00000000       0.00000000       0.00000000       0.00000000       0.00000000       0.00000000       0.00000000       0.00000000      
  0.07000000       2.72833338E-02   2981.58840272    -2.41800566      0.23201818       4.55246889       0.00000000       0.00000000       0.00000000       0.00000000       0.00000000       0.00000000       0.00000000       0.00000000       0.00000000       0.00000000       0.00000000       0.00000000       0.00000000       0.00000000       0.00000000       0.00000000       0.00000000       0.00000000       0.00000000       0.00000000       0.00000000       0.00000000       0.00000000       0.00000000       0.00000000       0.00000000       0.00000000       0.00000000       0.00000000      
  0.07000000       3.45510729E-02   2961.23479776    -2.49938638      0.21418675       4.62193011       0.00000000       0.00000000       0.00000000       0.00000000       0.00000000       0.00000000       0.00000000       0.00000000       0.00000000       0.00000000       0.00000000       0.00000000       0.00000000       0.00000000       0.00000000       0.00000000       0.00000000       0.00000000       0.00000000       0.00000000       0.00000000       0.00000000       0.00000000       0.00000000       0.00000000       0.00000000       0.00000000       0.00000000       0.00000000      
  0.07000000       4.37547938E-02   2945.61253753    -2.57602408      0.19818166       4.68938722       0.00000000       0.00000000       0.00000000       0.00000000       0.00000000       0.00000000       0.00000000       0.00000000       0.00000000       0.00000000       0.00000000       0.00000000       0.00000000       0.00000000       0.00000000       0.00000000       0.00000000       0.00000000       0.00000000       0.00000000       0.00000000       0.00000000       0.00000000       0.00000000       0.00000000       0.00000000       0.00000000       0.00000000       0.00000000      
  0.07000000       5.54102033E-02   2919.16910628    -2.65797307      0.18362251       4.75566312       0.00000000       0.00000000       0.00000000       0.00000000       0.00000000       0.00000000       0.00000000       0.00000000       0.00000000       0.00000000       0.00000000       0.00000000       0.00000000       0.00000000       0.00000000       0.00000000       0.00000000       0.00000000       0.00000000       0.00000000       0.00000000       0.00000000       0.00000000       0.00000000       0.00000000       0.00000000       0.00000000       0.00000000       0.00000000      
  0.07000000       7.01703829E-02   2889.11548152    -2.74039374      0.17048648       4.82013304       0.00000000       0.00000000       0.00000000       0.00000000       0.00000000       0.00000000       0.00000000       0.00000000       0.00000000       0.00000000       0.00000000       0.00000000       0.00000000       0.00000000       0.00000000       0.00000000       0.00000000       0.00000000       0.00000000       0.00000000       0.00000000       0.00000000       0.00000000       0.00000000       0.00000000       0.00000000       0.00000000       0.00000000       0.00000000      
  0.07000000       8.88623816E-02   2855.10617703    -2.82385224      0.15858105       4.88300973       0.00000000       0.00000000       0.00000000       0.00000000       0.00000000       0.00000000       0.00000000       0.00000000       0.00000000       0.00000000       0.00000000       0.00000000       0.00000000       0.00000000       0.00000000       0.00000000       0.00000000       0.00000000       0.00000000       0.00000000       0.00000000       0.00000000       0.00000000       0.00000000       0.00000000       0.00000000       0.00000000       0.00000000       0.00000000      
  0.07000000       1.12533558E-01   2812.99250379    -2.91064853      0.14783037       4.94398492       0.00000000       0.00000000       0.00000000       0.00000000       0.00000000       0.00000000       0.00000000       0.00000000       0.00000000       0.00000000       0.00000000       0.00000000       0.00000000       0.00000000       0.00000000       0.00000000       0.00000000       0.00000000       0.00000000       0.00000000       0.00000000       0.00000000       0.00000000       0.00000000       0.00000000       0.00000000       0.00000000       0.00000000       0.00000000      
  0.07000000       1.42510267E-01   2762.85429069    -3.00045019      0.13819141       5.00255018       0.00000000       0.00000000       0.00000000       0.00000000       0.00000000       0.00000000       0.00000000       0.00000000       0.00000000       0.00000000       0.00000000       0.00000000       0.00000000       0.00000000       0.00000000       0.00000000       0.00000000       0.00000000       0.00000000       0.00000000       0.00000000       0.00000000       0.00000000       0.00000000       0.00000000       0.00000000       0.00000000       0.00000000       0.00000000      
  0.07000000       1.80472177E-01   2706.09573436    -3.09202707      0.12963534       5.05806716       0.00000000       0.00000000       0.00000000       0.00000000       0.00000000       0.00000000       0.00000000       0.00000000       0.00000000       0.00000000       0.00000000       0.00000000       0.00000000       0.00000000       0.00000000       0.00000000       0.00000000       0.00000000       0.00000000       0.00000000       0.00000000       0.00000000       0.00000000       0.00000000       0.00000000       0.00000000       0.00000000       0.00000000       0.00000000      
  0.07000000       2.28546386E-01   2637.85573575    -3.18870655      0.12205938       5.11037184       0.00000000       0.00000000       0.00000000       0.00000000       0.00000000       0.00000000       0.00000000       0.00000000       0.00000000       0.00000000       0.00000000       0.00000000       0.00000000       0.00000000       0.00000000       0.00000000       0.00000000       0.00000000       0.00000000       0.00000000       0.00000000       0.00000000       0.00000000       0.00000000       0.00000000       0.00000000       0.00000000       0.00000000       0.00000000      
  0.07000000       2.89426612E-01   2560.28760149    -3.28928861      0.11539925       5.15910827       0.00000000       0.00000000       0.00000000       0.00000000       0.00000000       0.00000000       0.00000000       0.00000000       0.00000000       0.00000000       0.00000000       0.00000000       0.00000000       0.00000000       0.00000000       0.00000000       0.00000000       0.00000000       0.00000000       0.00000000       0.00000000       0.00000000       0.00000000       0.00000000       0.00000000       0.00000000       0.00000000       0.00000000       0.00000000      
  0.07000000       3.66524124E-01   2476.17429104    -3.39187522      0.10962803       5.20367020       0.00000000       0.00000000       0.00000000       0.00000000       0.00000000       0.00000000       0.00000000       0.00000000       0.00000000       0.00000000       0.00000000       0.00000000       0.00000000       0.00000000       0.00000000       0.00000000       0.00000000       0.00000000       0.00000000       0.00000000       0.00000000       0.00000000       0.00000000       0.00000000       0.00000000       0.00000000       0.00000000       0.00000000       0.00000000      
  0.07000000       4.64158883E-01   2382.92934025    -3.49878178      0.10466767       5.24388879       0.00000000       0.00000000       0.00000000       0.00000000       0.00000000       0.00000000       0.00000000       0.00000000       0.00000000       0.00000000       0.00000000       0.00000000       0.00000000       0.00000000       0.00000000       0.00000000       0.00000000       0.00000000       0.00000000       0.00000000       0.00000000       0.00000000       0.00000000       0.00000000       0.00000000       0.00000000       0.00000000       0.00000000       0.00000000      
  0.07000000       5.87801607E-01   2282.43409493    -3.60897945      0.10049346       5.27923846       0.00000000       0.00000000       0.00000000       0.00000000       0.00000000       0.00000000       0.00000000       0.00000000       0.00000000       0.00000000       0.00000000       0.00000000       0.00000000       0.00000000       0.00000000       0.00000000       0.00000000       0.00000000       0.00000000       0.00000000       0.00000000       0.00000000       0.00000000       0.00000000       0.00000000       0.00000000       0.00000000       0.00000000       0.00000000      
  0.07000000       7.44380301E-01   2185.48383688    -3.71546102      0.09696207       5.31030965       0.00000000       0.00000000       0.00000000       0.00000000       0.00000000       0.00000000       0.00000000       0.00000000       0.00000000       0.00000000       0.00000000       0.00000000       0.00000000       0.00000000       0.00000000       0.00000000       0.00000000       0.00000000       0.00000000       0.00000000       0.00000000       0.00000000       0.00000000       0.00000000       0.00000000       0.00000000       0.00000000       0.00000000       0.00000000      
  0.07000000       9.42668455E-01   2091.85756961    -3.81909377      0.09393321       5.33787531       0.00000000       0.00000000       0.00000000       0.00000000       0.00000000       0.00000000       0.00000000       0.00000000       0.00000000       0.00000000       0.00000000       0.00000000       0.00000000       0.00000000       0.00000000       0.00000000       0.00000000       0.00000000       0.00000000       0.00000000       0.00000000       0.00000000       0.00000000       0.00000000       0.00000000       0.00000000       0.00000000       0.00000000       0.00000000      
  0.07000000       1.19377664E+00   1992.98188758    -3.92741502      0.09134992       5.36209687       0.00000000       0.00000000       0.00000000       0.00000000       0.00000000       0.00000000       0.00000000       0.00000000       0.00000000       0.00000000       0.00000000       0.00000000       0.00000000       0.00000000       0.00000000       0.00000000       0.00000000       0.00000000       0.00000000       0.00000000       0.00000000       0.00000000       0.00000000       0.00000000       0.00000000       0.00000000       0.00000000       0.00000000       0.00000000      
  0.07000000       1.51177507E+00   1899.06192662    -4.03250630      0.08914467       5.38332192       0.00000000       0.00000000       0.00000000       0.00000000       0.00000000       0.00000000       0.00000000       0.00000000       0.00000000       0.00000000       0.00000000       0.00000000       0.00000000       0.00000000       0.00000000       0.00000000       0.00000000       0.00000000       0.00000000       0.00000000       0.00000000       0.00000000       0.00000000       0.00000000       0.00000000       0.00000000       0.00000000       0.00000000       0.00000000      
  0.07000000       1.91448198E+00   1801.39689903    -4.14265271      0.08727279       5.40175472       0.00000000       0.00000000       0.00000000       0.00000000       0.00000000       0.00000000       0.00000000       0.00000000       0.00000000       0.00000000       0.00000000       0.00000000       0.00000000       0.00000000       0.00000000       0.00000000       0.00000000       0.00000000       0.00000000       0.00000000       0.00000000       0.00000000       0.00000000       0.00000000       0.00000000       0.00000000       0.00000000       0.00000000       0.00000000      
  0.07000000       2.42446202E+00   1717.83103635    -4.24140936      0.08565625       5.41799429       11.77341750      13.28816860      11.53005157      12.93458845      12.34193287      11.79001397      12.83632352      10.75550518      12.29226499      13.73807728      12.94424355      20.19091830      12.68902494      11.41154181      11.89312210      11.75952791      12.42829838      11.27007314      12.16026903      10.84971981      12.48498427      11.21062514      12.90188960      12.75822639      12.12185209      15.38176042      11.97689887      12.04286289      13.48368558     
  0.07000000       3.07029063E+00   1636.37753561    -4.34038904      0.08422827       5.43259653       11.96386316      13.59319119      11.84797781      13.19357816      12.61792744      11.98580647      13.09210452      10.92940860      12.74555222      14.05221006      13.24089334      20.86802234      12.98050323      11.75821713      12.09245615      11.94913740      12.89267306      11.45496388      12.43346356      11.03609363      12.74267224      11.39578601      13.20338941      13.03035773      12.37724438      15.64785173      12.24695259      12.33814753      13.68360758     
  0.07000000       3.88815518E+00   1561.76400165    -4.43467849      0.08295681       5.44580819       12.13679916      13.90879038      12.14285806      13.44474435      12.88748829      12.16394551      13.35775817      11.10414441      13.13033442      14.37832958      13.54645631      21.46310755      13.27051671      12.07988465      12.27356553      12.12026058      13.29679079      11.63469073      12.69928013      11.22695700      12.99672575      11.57855531      13.51131236      13.30742148      12.64567654      15.90092536      12.53806302      12.61888870      13.85424552     
  0.07000000       4.92388263E+00   1491.47036248    -4.52717935      0.08177350       5.45828715       12.30870042      14.22639935      12.42875426      13.69623699      13.15741412      12.34215026      13.63179280      11.28136337      13.49325619      14.71443180      13.85736172      22.03134056      13.56149288      12.38721181      12.45457783      12.29045931      13.68092286      11.81339528      12.96618104      11.42171984      13.24541805      11.76334877      13.82212441      13.58327653      12.92701336      16.15658539      12.84868409      12.89356134      14.02019728     
  0.07000000       6.23550734E+00   1422.31108099    -4.62196246      0.08062275       5.47059709       12.48366763      14.58047005      12.71371075      13.96679305      13.44108713      12.52420310      13.94413354      11.46988740      13.85373066      15.10978554      14.20310348      22.59716537      13.87290792      12.68460831      12.63938823      12.46283549      14.06397229      11.99838521      13.24521447      11.62805683      13.51164547      11.95681919      14.16068359      13.88407774      13.24560876      16.44262160      13.20850677      13.17585531      14.19579875     
  0.07000000       7.89652287E+00   1343.28157841    -4.73301456      0.07954048       5.48233582       12.66115909      14.98815861      13.01091288      14.27166524      13.75634677      12.70863673      14.30603615      11.67637683      14.23738334      15.54753718      14.60160258      23.20356857      14.22201522      12.98920773      12.82653070      12.63625922      14.47685945      12.19002143      13.55491405      11.85013796      13.80841897      12.16158129      14.54389454      14.22398812      13.61775037      16.78523885      13.63453637      13.47868672      14.40251626     
  0.07000000       1.00000000E+01   1269.98487380    -4.84109981      0.07857261       5.49296988       12.83238305      15.38835440      13.28985044      14.56907973      14.06228173      12.88877833      14.65951989      11.87573138      14.60688383      15.96958423      14.99277266      23.76586414      14.56059889      13.27502931      13.00844521      12.80376610      14.86733522      12.37198180      13.85606646      12.06138515      14.09686193      12.35688506      14.92373987      14.55725143      13.98432670      17.12887412      14.06494161      13.76636094      14.61586878     
