# Mass             Age              Teff             Luminosity       Radius           Gravity          NIRCAM-F460M     NIRCAM-F480M     NIRCAM-F356W     NIRCAM-F410M     NIRCAM-F300M     NIRCAM-F277W     NIRCAM-F250M     NIRCAM-F335M     NIRCAM-F430M     NIRCAM-F444W     NIRCAM-F360M    
# M/Msun           Gyr              K                L/Lsun           R/Rsun           log(g[cm/s^2])  
  0.01600000       1.00000000E-03   2564.60115021    -2.39532121      0.32190498       3.62708059       7.14792689       7.13352621       7.24769014       7.02395080       7.73562004       7.79157789       7.82539577       7.39396043       7.08318000       7.08004238       7.17849692      
  0.01600000       1.26638017E-03   2548.19768792    -2.46873306      0.29963724       3.68934578       7.33039655       7.31456647       7.41995530       7.19312555       7.92385744       7.97980489       8.01113610       7.57032371       7.25791874       7.25484842       7.34901867      
  0.01600000       1.60371874E-03   2527.63453745    -2.54475171      0.27901162       3.75129219       7.51883535       7.50117679       7.59569752       7.36520165       8.11897413       8.17517644       8.20360591       7.75101473       7.43689482       7.43381428       7.52270792      
  0.01600000       2.03091762E-03   2497.46481856    -2.62686310      0.26001283       3.81254725       7.72010166       7.69982626       7.77952449       7.54405681       8.32979280       8.38676889       8.41136792       7.94165399       7.62543862       7.62204811       7.70378128      
  0.01600000       2.57191381E-03   2467.20787035    -2.70511106      0.24347258       3.86963471       7.91493802       7.89132308       7.95371467       7.71348789       8.53186275       8.59026985       8.61112297       8.12283258       7.80561522       7.80194628       7.87526460      
  0.01600000       3.25702066E-03   2437.26652683    -2.77743287      0.22956323       3.92073233       8.09900281       8.07149779       8.11312343       7.86860827       8.72012000       8.78097432       8.79828173       8.28925916       7.97270611       7.96875083       8.03205103      
  0.01600000       4.12462638E-03   2408.82526943    -2.83907688      0.21891298       3.96199235       8.25893316       8.22754258       8.24660393       7.99843741       8.88176934       8.94584879       8.95995259       8.42936053       8.11483807       8.11051993       8.16312618      
  0.01600000       5.22334507E-03   2386.06971927    -2.88431096      0.21178867       3.99072970       8.37798303       8.34353270       8.34279469       8.09196520       9.00088180       9.06808204       9.07971321       8.53079806       8.21877157       8.21406267       8.25745430      
  0.01600000       6.61474064E-03   2370.26211014    -2.91414101      0.20737811       4.00900914       8.45732148       8.42081923       8.40544549       8.15290162       9.07961540       9.14928252       9.15929911       8.59707013       8.28723742       8.28216764       8.31884048      
  0.01600000       8.37677640E-03   2359.31568574    -2.93429940      0.20450485       4.02112705       8.51144633       8.47350199       8.44751504       8.19385157       9.13293533       9.20447487       9.21342477       8.64164308       8.33355487       8.32820441       8.36004601      
  0.01600000       1.06081836E-02   2349.52052324    -2.95201584      0.20204565       4.03163623       8.55942820       8.52015954       8.48434957       8.22973154       9.17991760       9.25325061       9.26128304       8.68071583       8.37434218       8.36872049       8.39611531      
  0.01600000       1.34339933E-02   2336.90091606    -2.97458357      0.19899912       4.04483310       8.62097841       8.57992924       8.53099913       8.27521857       9.23976331       9.31558032       9.32248486       8.73024920       8.42629918       8.42030327       8.44178923      
  0.01600000       1.70125428E-02   2317.42253449    -3.00869450      0.19456316       4.06441351       8.71533695       8.67131046       8.60115303       8.34373055       9.33053976       9.41058874       9.41588243       8.80485337       8.50510406       8.49847747       8.51046128      
  0.01600000       2.15443469E-02   2284.79715519    -3.06468047      0.18766787       4.09575451       8.87261495       8.82278549       8.71529509       8.45554647       9.47939192       9.56766501       9.57083429       8.92641045       8.63467618       8.62680296       8.62220760      
  0.01600000       2.72833338E-02   2216.11489202    -3.17555008      0.17557670       4.15360211       9.18602480       9.12222257       8.93548876       8.67257970       9.76893667       9.87862723       9.88087785       9.16144433       8.88952933       8.87730013       8.83799502      
  0.01600000       3.45510729E-02   2060.22244179    -3.39119612      0.15848973       4.24253258       9.76349007       9.67419847       9.34365232       9.06786925       10.30218728      10.46658137      10.48147386      9.61302724       9.36820480       9.33254448       9.23488620      
  0.01600000       4.37547938E-02   1864.22873327    -3.65061695      0.14358950       4.32828963       10.36507228      10.25652105      9.90739771       9.52690289       10.93786133      11.15292596      11.20504569      10.34343017      9.92108902       9.83704505       9.77371674      
  0.01600000       5.54102033E-02   1684.58724572    -3.88607506      0.13409157       4.38773135       10.76122361      10.64838519      10.58380956      9.93890105       11.52414910      11.73866689      11.85115423      11.39264564      10.37290327      10.24738642      10.47406853     
  0.01600000       7.01703829E-02   1536.67099277    -4.08836972      0.12766908       4.43036417       11.04117861      10.92600621      11.25406941      10.33529062      12.02311718      12.24626176      12.45575443      12.38117588      10.74583105      10.60802324      11.23763810     
  0.01600000       8.88623816E-02   1395.23886798    -4.28901632      0.12291730       4.46330882       11.27073552      11.16051114      11.95039568      10.79624591      12.51363710      12.78584394      13.14393586      13.15193119      11.09637413      10.98698244      12.02241665     
  0.01600000       1.12533558E-01   1291.35773535    -4.44993626      0.11922549       4.48979656       11.42351251      11.32609300      12.48487495      11.17614447      12.92373957      13.25655904      13.73468376      13.72004341      11.33608909      11.27630994      12.57149991     
  0.01600000       1.42510267E-01   1194.28010379    -4.60852912      0.11613447       4.51261289       11.56114335      11.48320269      12.95703409      11.52485420      13.36598936      13.77528868      14.34895489      14.27563374      11.55744246      11.53634672      13.03436311     
  0.01600000       1.80472177E-01   1101.62509464    -4.76855645      0.11352329       4.53236479       11.70967792      11.65448940      13.38212949      11.85353855      13.85023521      14.34346019      14.98995476      14.81485071      11.79166530      11.78801609      13.45424476     
  0.01600000       2.28546386E-01   1019.43305224    -4.92025088      0.11132466       4.54935190       11.86249459      11.82838788      13.73440189      12.13290225      14.31141266      14.86490677      15.55713968      15.32875205      12.01791801      12.01380774      13.81044424     
  0.01600000       2.89426612E-01   945.21733453     -5.06635268      0.10944565       4.56413765       12.02641018      12.01041956      14.06325334      12.40796386      14.79440554      15.39808626      16.10751150      15.78718702      12.25712346      12.24112181      14.15382857     
  0.01600000       3.66524124E-01   872.66952443     -5.21812960      0.10781286       4.57719349       12.20420297      12.20465569      14.36892340      12.67403754      15.27285753      15.90798816      16.62494842      16.19266439      12.49978061      12.46897160      14.45611610     
  0.01600000       4.64158883E-01   803.71288522     -5.37249324      0.10641388       4.58853808       12.40119826      12.41608977      14.69133381      12.95173606      15.80657006      16.46688198      17.16793080      16.64470683      12.75621778      12.71049673      14.78285570     
  0.01600000       5.87801607E-01   744.47143029     -5.51548952      0.10519499       4.59854449       12.58248197      12.60902382      14.98027514      13.20575106      16.31598222      16.99725158      17.66998625      17.08392745      12.99221669      12.93264618      15.07895214     
  0.01600000       7.44380301E-01   688.77994426     -5.65958633      0.10410816       4.60756483       12.78361366      12.81637088      15.27714419      13.45991554      16.83632197      17.54201494      18.18771713      17.56145224      13.22291121      13.15827224      15.38447878     
  0.01600000       9.42668455E-01   641.21969312     -5.79222551      0.10311020       4.61593099       12.97068955      13.01672857      15.57903568      13.71238662      17.35879082      18.09668206      18.72265122      18.06516371      13.44721747      13.37704220      15.69924655     
  0.01600000       1.19377664E+00   595.72665874     -5.92771521      0.10220627       4.62357922       13.16581625      13.22352733      15.89373936      13.96435693      17.90204100      18.67827850      19.29439650      18.61005085      13.66793597      13.60017657      16.03505586     
  0.01600000       1.51177507E+00   552.08529294     -6.06682657      0.10139115       4.63053415       13.38391330      13.44390244      16.26244345      14.26620370      18.51591524      19.34317666      19.97697635      19.21490509      13.92962872      13.85510957      16.42917081     
  0.01600000       1.91448198E+00   520.36474991     -6.17622928      0.10062369       4.63713379       13.56263715      13.61497945      16.56291854      14.51306276      18.98600485      19.85317005      20.51492436      19.66388701      14.14680125      14.06279485      16.75159537     
  0.01600000       2.42446202E+00   487.41877498     -6.29625457      0.09988275       4.64355327       13.79243402      13.86974458      16.94852801      14.81578304      19.57080089      20.48911831      21.21618561      20.22643316      14.39028032      14.31846880      17.16477341     
  0.01600000       3.07029063E+00   454.19327052     -6.42495797      0.09919021       4.64959660       14.03984454      14.13399373      17.34559214      15.13258024      20.16910130      21.13667946      21.93309527      20.81313741      14.65817574      14.59329776      17.59526741     
  0.01600000       3.88815518E+00   425.72344255     -6.54308934      0.09854246       4.65528741       14.26856308      14.38285984      17.71410835      15.42247321      20.72866975      21.73642872      22.61058185      21.35230269      14.89165596      14.84308018      18.00050300     
  0.01600000       4.92388263E+00   398.59389749     -6.66290261      0.09792799       4.66072050       14.51893972      14.66096267      18.13556949      15.72300175      21.35672285      22.40910533      23.38048059      21.96690666      15.12953914      15.10844864      18.46715274     
  0.01600000       6.23550734E+00   378.22228918     -6.75936827      0.09732757       4.66606248       14.72646614      14.89144829      18.48344000      15.97535239      21.89012299      22.97093946      24.02728266      22.47637935      15.33780855      15.33092052      18.85515843     
  0.01600000       7.89652287E+00   357.01853273     -6.86492180      0.09673297       4.67138520       14.96674776      15.16295896      18.90780832      16.27197151      22.52178651      23.63691840      24.80948236      23.09645276      15.57278156      15.58738941      19.33068424     
  0.01600000       1.00000000E+01   340.20324066     -6.95402056      0.09614831       4.67665093       15.18219245      15.41631237      19.30462922      16.52644258      23.13374723      24.27800685      25.55357885      23.67596395      15.77200480      15.81371093      19.78077893     
