# Mass             Age              Teff             Luminosity       Radius           Gravity          NIRCAM-F200W     NIRCAM-F210M     NIRCAM-F187N     NIRCAM-F182M     NIRCAM-F212N    
# M/Msun           Gyr              K                L/Lsun           R/Rsun           log(g[cm/s^2])  
  0.01700000       1.00000000E-03   2591.96877388    -2.35222560      0.33117077       3.62876203       0.00000000       0.00000000       0.00000000       0.00000000       0.00000000      
  0.01700000       1.26638017E-03   2572.79934084    -2.42904190      0.30767777       3.69267333       0.00000000       0.00000000       0.00000000       0.00000000       0.00000000      
  0.01700000       1.60371874E-03   2556.51575843    -2.50158113      0.28664015       3.75419170       0.00000000       0.00000000       0.00000000       0.00000000       0.00000000      
  0.01700000       2.03091762E-03   2531.23772139    -2.57971589      0.26724080       3.81506038       0.00000000       0.00000000       0.00000000       0.00000000       0.00000000      
  0.01700000       2.57191381E-03   2502.89032080    -2.65545816      0.25049921       3.87125247       0.00000000       0.00000000       0.00000000       0.00000000       0.00000000      
  0.01700000       3.25702066E-03   2478.04609709    -2.71969768      0.23733671       3.91813483       0.00000000       0.00000000       0.00000000       0.00000000       0.00000000      
  0.01700000       4.12462638E-03   2457.94514874    -2.76776469      0.22824071       3.95207823       0.00000000       0.00000000       0.00000000       0.00000000       0.00000000      
  0.01700000       5.22334507E-03   2444.03058864    -2.79903209      0.22268749       3.97347205       0.00000000       0.00000000       0.00000000       0.00000000       0.00000000      
  0.01700000       6.61474064E-03   2434.92614332    -2.81861833      0.21935472       3.98656949       0.00000000       0.00000000       0.00000000       0.00000000       0.00000000      
  0.01700000       8.37677640E-03   2427.47138571    -2.83424072      0.21676943       3.99686809       0.00000000       0.00000000       0.00000000       0.00000000       0.00000000      
  0.01700000       1.06081836E-02   2418.11034360    -2.85310348      0.21375575       4.00902942       0.00000000       0.00000000       0.00000000       0.00000000       0.00000000      
  0.01700000       1.34339933E-02   2403.60028568    -2.88164470      0.20934810       4.02712694       0.00000000       0.00000000       0.00000000       0.00000000       0.00000000      
  0.01700000       1.70125428E-02   2377.66577037    -2.92983358      0.20239906       4.05644692       0.00000000       0.00000000       0.00000000       0.00000000       0.00000000      
  0.01700000       2.15443469E-02   2323.06343821    -3.02569826      0.18986712       4.11196428       0.00000000       0.00000000       0.00000000       0.00000000       0.00000000      
  0.01700000       2.72833338E-02   2202.99690774    -3.21679667      0.16942970       4.21088410       0.00000000       0.00000000       0.00000000       0.00000000       0.00000000      
  0.01700000       3.45510729E-02   2019.25343774    -3.46590550      0.15139014       4.30867005       0.00000000       0.00000000       0.00000000       0.00000000       0.00000000      
  0.01700000       4.37547938E-02   1852.39109166    -3.68316654      0.14008151       4.37610362       0.00000000       0.00000000       0.00000000       0.00000000       0.00000000      
  0.01700000       5.54102033E-02   1693.23140950    -3.88923258      0.13224599       4.42609905       11.68850736      11.37137567      12.40187876      12.12783839      11.16472588     
  0.01700000       7.01703829E-02   1557.97069589    -4.07248534      0.12649657       4.46470717       12.18948705      11.84589099      12.93285122      12.64180663      11.62391211     
  0.01700000       8.88623816E-02   1425.55398479    -4.25793704      0.12203824       4.49587245       12.73248648      12.35959508      13.49996478      13.19899464      12.12484963     
  0.01700000       1.12533558E-01   1323.33564420    -4.41252861      0.11853223       4.52119098       13.21702430      12.81686430      14.02084949      13.71794882      12.57901822     
  0.01700000       1.42510267E-01   1230.81831551    -4.56066772      0.11553543       4.54343355       13.64036563      13.21106047      14.49358751      14.19875553      12.97099514     
  0.01700000       1.80472177E-01   1139.61068386    -4.71410224      0.11294451       4.56313325       14.09075762      13.62903947      15.01568412      14.72675842      13.38969859     
  0.01700000       2.28546386E-01   1055.44726932    -4.86439671      0.11075176       4.58016228       14.53604333      14.03972763      15.56210510      15.26787986      13.80321262     
  0.01700000       2.89426612E-01   978.76199580     -5.01034370      0.10886844       4.59505984       14.96441727      14.43726360      16.08718594      15.79088803      14.20659777     
  0.01700000       3.66524124E-01   908.26916575     -5.15349389      0.10721696       4.60833656       15.42274050      14.86360036      16.66432961      16.36115749      14.63898956     
  0.01700000       4.64158883E-01   838.57743154     -5.30393045      0.10577461       4.62010029       15.92522603      15.33440523      17.29961608      16.99009311      15.11746566     
  0.01700000       5.87801607E-01   776.42440947     -5.44802927      0.10452496       4.63042331       16.46188230      15.84520937      17.96232086      17.64564026      15.63501390     
  0.01700000       7.44380301E-01   718.05720899     -5.59313099      0.10340970       4.63974084       17.04992034      16.41079759      18.67481589      18.35219434      16.20710934     
  0.01700000       9.42668455E-01   667.06714464     -5.72957678      0.10240187       4.64824737       17.66393566      17.00667482      19.39617094      19.07780979      16.80661504     
  0.01700000       1.19377664E+00   620.75177899     -5.86239708      0.10147978       4.65610417       18.32806559      17.65816094      20.14787883      19.82520825      17.45853890     
  0.01700000       1.51177507E+00   576.92541031     -5.99679947      0.10064250       4.66330031       19.07377039      18.39622590      20.96762537      20.61864602      18.19728540     
  0.01700000       1.91448198E+00   538.50332498     -6.12317097      0.09987633       4.66993800       19.80159737      19.11688680      21.77037469      21.39695727      18.91612429     
  0.01700000       2.42446202E+00   506.08565245     -6.23747932      0.09913895       4.67637457       20.53551922      19.84687708      22.55432820      22.15311477      19.64563987     
  0.01700000       3.07029063E+00   472.76267992     -6.36192873      0.09843961       4.68252336       21.33849031      20.64439134      23.41242732      23.00008665      20.43794941     
  0.01700000       3.88815518E+00   441.55016162     -6.48634795      0.09778934       4.68828016       22.29755321      21.60541560      24.41322098      23.91508045      21.40949326     
  0.01700000       4.92388263E+00   413.79996429     -6.60459981      0.09717302       4.69377173       23.24011073      22.54806959      25.39093635      24.82478795      22.34969348     
  0.01700000       6.23550734E+00   390.11989362     -6.71223499      0.09658513       4.69904264       24.13418262      23.44522148      26.32190345      25.66779183      23.25611013     
  0.01700000       7.89652287E+00   369.62111607     -6.81127699      0.09600007       4.70432005       24.99657587      24.30847890      27.19896327      26.47015788      24.10565494     
  0.01700000       1.00000000E+01   349.02875320     -6.91608028      0.09542655       4.70952472       25.99470486      25.31448948      28.24203400      27.36894710      25.13495033     
