# Mass             Age              Teff             Luminosity       Radius           Gravity          NIRCAM-F200W     NIRCAM-F210M     NIRCAM-F187N     NIRCAM-F182M     NIRCAM-F212N    
# M/Msun           Gyr              K                L/Lsun           R/Rsun           log(g[cm/s^2])  
  0.01500000       1.00000000E-03   2538.20000777    -2.43802575      0.31286695       3.62378920       0.00000000       0.00000000       0.00000000       0.00000000       0.00000000      
  0.01500000       1.26638017E-03   2520.91267890    -2.51171077      0.29137811       3.68559440       0.00000000       0.00000000       0.00000000       0.00000000       0.00000000      
  0.01500000       1.60371874E-03   2492.93810514    -2.59359454      0.27114560       3.74810316       0.00000000       0.00000000       0.00000000       0.00000000       0.00000000      
  0.01500000       2.03091762E-03   2460.94946527    -2.67632903      0.25295801       3.80841029       0.00000000       0.00000000       0.00000000       0.00000000       0.00000000      
  0.01500000       2.57191381E-03   2429.05887431    -2.75659188      0.23673314       3.86599012       0.00000000       0.00000000       0.00000000       0.00000000       0.00000000      
  0.01500000       3.25702066E-03   2392.90334008    -2.83656356      0.22248254       3.91991553       0.00000000       0.00000000       0.00000000       0.00000000       0.00000000      
  0.01500000       4.12462638E-03   2354.48256001    -2.91171337      0.21075271       3.96696148       0.00000000       0.00000000       0.00000000       0.00000000       0.00000000      
  0.01500000       5.22334507E-03   2321.05941108    -2.97351383      0.20197837       4.00389811       0.00000000       0.00000000       0.00000000       0.00000000       0.00000000      
  0.01500000       6.61474064E-03   2295.39799403    -3.01893911      0.19599575       4.03001307       0.00000000       0.00000000       0.00000000       0.00000000       0.00000000      
  0.01500000       8.37677640E-03   2277.77231014    -3.05005940      0.19202885       4.04777335       0.00000000       0.00000000       0.00000000       0.00000000       0.00000000      
  0.01500000       1.06081836E-02   2264.52886784    -3.07296132      0.18923432       4.06050617       0.00000000       0.00000000       0.00000000       0.00000000       0.00000000      
  0.01500000       1.34339933E-02   2252.11819709    -3.09387921      0.18676811       4.07190208       0.00000000       0.00000000       0.00000000       0.00000000       0.00000000      
  0.01500000       1.70125428E-02   2236.78548397    -3.11922105      0.18389250       4.08538039       0.00000000       0.00000000       0.00000000       0.00000000       0.00000000      
  0.01500000       2.15443469E-02   2213.42898473    -3.15683593      0.17983396       4.10476440       0.00000000       0.00000000       0.00000000       0.00000000       0.00000000      
  0.01500000       2.72833338E-02   2168.08147172    -3.22178951      0.17392963       4.13375878       0.00000000       0.00000000       0.00000000       0.00000000       0.00000000      
  0.01500000       3.45510729E-02   2082.12975341    -3.33991065      0.16460632       4.18161359       0.00000000       0.00000000       0.00000000       0.00000000       0.00000000      
  0.01500000       4.37547938E-02   1938.30686666    -3.53480374      0.15177028       4.25213335       0.00000000       0.00000000       0.00000000       0.00000000       0.00000000      
  0.01500000       5.54102033E-02   1745.60014863    -3.79072921      0.13937071       4.32616331       11.43615240      11.12974678      12.13760620      11.86950405      10.92929693     
  0.01500000       7.01703829E-02   1557.95439209    -4.04435048      0.13066068       4.38221731       12.11298861      11.76841518      12.86767061      12.57391804      11.54542114     
  0.01500000       8.88623816E-02   1393.51647485    -4.27792180      0.12480565       4.42203774       12.80079813      12.41979596      13.58443843      13.27820071      12.18083650     
  0.01500000       1.12533558E-01   1277.69873941    -4.45874059      0.12055938       4.45210437       13.35866901      12.94541331      14.18713315      13.88328798      12.70380005     
  0.01500000       1.42510267E-01   1171.37670628    -4.63448566      0.11716668       4.47689797       13.85428120      13.40754634      14.74229166      14.45239315      13.16565681     
  0.01500000       1.80472177E-01   1074.92276588    -4.80459548      0.11438944       4.49773446       14.36375111      13.87877879      15.35442745      15.06281214      13.63976855     
  0.01500000       2.28546386E-01   989.65004857     -4.96575398      0.11209859       4.51530584       14.82727354      14.30859135      15.91821649      15.62690856      14.07604660     
  0.01500000       2.89426612E-01   914.98463344     -5.11713298      0.11016699       4.53040318       15.30535001      14.75286046      16.51689919      16.22099430      14.52741927     
  0.01500000       3.66524124E-01   839.02119083     -5.28070568      0.10852683       4.54343161       15.84042126      15.25308183      17.19355892      16.89303568      15.03663050     
  0.01500000       4.64158883E-01   772.42916014     -5.43550926      0.10714539       4.55455896       16.40601373      15.79009787      17.89601370      17.59037495      15.58162207     
  0.01500000       5.87801607E-01   713.11778959     -5.58410727      0.10594244       4.56436590       17.00312313      16.36375867      18.62154088      18.31377051      16.16285012     
  0.01500000       7.44380301E-01   662.93394527     -5.71976602      0.10485933       4.57329152       17.61337907      16.95538064      19.34080181      19.04190053      16.75867962     
  0.01500000       9.42668455E-01   615.32571014     -5.85746280      0.10387020       4.58152371       18.30339357      17.63166691      20.12510517      19.82433974      17.43587909     
  0.01500000       1.19377664E+00   569.60689440     -5.99902157      0.10298439       4.58896277       19.08011110      18.39930728      20.98805940      20.66397373      18.20290193     
  0.01500000       1.51177507E+00   533.31599312     -6.12020301      0.10217968       4.59577648       19.79108922      19.10330541      21.77158888      21.42511170      18.90622124     
  0.01500000       1.91448198E+00   501.73803614     -6.23286880      0.10139939       4.60243485       20.51730406      19.82505474      22.55077851      22.18450783      19.62665210     
  0.01500000       2.42446202E+00   468.00122692     -6.36015995      0.10065873       4.60880261       21.34283963      20.64473771      23.43415963      23.06072904      20.44060106     
  0.01500000       3.07029063E+00   437.16622682     -6.48452373      0.09997171       4.61475126       22.32100514      21.62479958      24.45771650      23.99751606      21.43387745     
  0.01500000       3.88815518E+00   409.23461589     -6.60486304      0.09932260       4.62040929       23.29526344      22.59962894      25.47613567      24.95137806      22.41207576     
  0.01500000       4.92388263E+00   386.37959893     -6.71013119      0.09870293       4.62584537       24.17066568      23.47586290      26.37936069      25.78028238      23.28844346     
  0.01500000       6.23550734E+00   365.09604562     -6.81397635      0.09808879       4.63126674       25.10977802      24.41713746      27.34249417      26.66289952      24.22387285     
  0.01500000       7.89652287E+00   345.68193651     -6.91422641      0.09748905       4.63659379       26.08412526      25.39576898      28.35459361      27.55517049      25.21784994     
  0.01500000       1.00000000E+01   330.56562239     -6.99734991      0.09687858       4.64204992       26.95755256      26.27828826      29.27509226      28.34219911      26.12917061     
