# Mass             Age              Teff             Luminosity       Radius           Gravity          MIRI-F560W       MIRI-F770W       MIRI-F1000W      MIRI-F1130W      MIRI-F1280W      MIRI-F1500W      MIRI-F1800W      MIRI-F2100W      MIRI-F2550W     
# M/Msun           Gyr              K                L/Lsun           R/Rsun           log(g[cm/s^2])  
  0.05900000       1.00000000E-03   2983.11502836    -1.50258280      0.66496669       3.56366704       5.15087853       5.10691007       4.99196750       4.97687672       4.96100284       4.93493955       4.90175419       4.87494666       4.84467828      
  0.05900000       1.26638017E-03   2983.11502836    -1.51604322      0.65472941       3.57714257       5.18461601       5.14058592       5.02560850       5.01052995       4.99469551       4.96868571       4.93555852       4.90878756       4.87853093      
  0.05900000       1.60371874E-03   2983.13142352    -1.52641486      0.64694756       3.58752841       5.21061133       5.16653713       5.05153095       5.03646307       5.02066008       4.99469238       4.96161054       4.93486790       4.90462034      
  0.05900000       2.03091762E-03   2983.25240905    -1.54051216      0.63648897       3.60168488       5.24598836       5.20186609       5.08682674       5.07177744       5.05601872       5.03010964       4.99709061       4.97038703       4.94015288      
  0.05900000       2.57191381E-03   2983.45849195    -1.56399434      0.61942765       3.62528540       5.30498226       5.26078400       5.14567947       5.13066362       5.11498178       5.08917301       5.05626010       5.02962196       4.99940974      
  0.05900000       3.25702066E-03   2983.93940740    -1.61276682      0.58541332       3.67434129       5.42764572       5.38330915       5.26803497       5.25309944       5.23758973       5.21199981       5.17931363       5.15281303       5.12264539      
  0.05900000       4.12462638E-03   2983.80199507    -1.73952850      0.50595972       3.80103630       5.74582633       5.70108833       5.58498379       5.57027411       5.55528810       5.53033206       5.49827031       5.47213314       5.44205619      
  0.05900000       5.22334507E-03   2985.39553436    -1.87441990      0.43271611       3.93686203       6.08650358       6.04164542       5.92451146       5.91019058       5.89588609       5.87172709       5.84041605       5.81470101       5.78473879      
  0.05900000       6.61474064E-03   2982.03093341    -1.98887829      0.38015353       4.04935079       6.37242974       6.32722167       6.20837935       6.19432751       6.18071169       6.15733326       6.12671881       6.10137276       6.07144886      
  0.05900000       8.37677640E-03   2972.57249140    -2.09253009      0.33955080       4.14745970       6.62710109       6.58116054       6.45967182       6.44577401       6.43293648       6.41043018       6.38055161       6.35557713       6.32563271      
  0.05900000       1.06081836E-02   2962.44939472    -2.18742931      0.30648524       4.23645019       6.85981442       6.81319215       6.68882755       6.67511170       6.66310723       6.64151736       6.61238232       6.58778007       6.55781136      
  0.05900000       1.34339933E-02   2951.97260496    -2.27624399      0.27866280       4.31911113       7.07743675       7.03016757       6.90269374       6.88920390       6.87810661       6.85750091       6.82913655       6.80492045       6.77493325      
  0.05900000       1.70125428E-02   2940.24909060    -2.36132482      0.25467962       4.39728029       7.28527995       7.23731504       7.10633574       7.09310147       7.08301111       7.06348210       7.03593013       7.01212178       6.98211516      
  0.05900000       2.15443469E-02   2922.39283130    -2.44705869      0.23357056       4.47243061       7.49095995       7.44189785       7.30612096       7.29308864       7.28423029       7.26599299       7.23936272       7.21601397       7.18594939      
  0.05900000       2.72833338E-02   2906.40298953    -2.52825785      0.21507399       4.54409351       7.68722852       7.63715080       7.49661280       7.48389736       7.47635227       7.45946920       7.43377017       7.41089854       7.38080923      
  0.05900000       3.45510729E-02   2882.75593855    -2.61185864      0.19855321       4.61351527       7.88522107       7.83357375       7.68637617       7.67396624       7.66809680       7.65288204       7.62823472       7.60591232       7.57575785      
  0.05900000       4.37547938E-02   2848.86286766    -2.69935059      0.18382683       4.68045114       8.08784491       8.03382096       7.87693960       7.86486451       7.86131451       7.84836215       7.82504222       7.80343860       7.77320883      
  0.05900000       5.54102033E-02   2816.54913669    -2.78361979      0.17067834       4.74491044       8.28507854       8.22858584       8.06131242       8.04972125       8.04869402       8.03817115       8.01625104       7.99544423       7.96520725      
  0.05900000       7.01703829E-02   2776.17431981    -2.87112694      0.15884592       4.80731469       8.48701100       8.42758546       8.24645150       8.23537514       8.23752495       8.23000536       8.20970787       8.18986479       8.15962369      
  0.05900000       8.88623816E-02   2727.72571269    -2.96169939      0.14824527       4.86730648       8.69507637       8.63167443       8.43254578       8.42202235       8.42806724       8.42408653       8.40552851       8.38681485       8.35657827      
  0.05900000       1.12533558E-01   2671.69385679    -3.05521761      0.13875504       4.92476992       8.91206586       8.84272522       8.61907728       8.60923858       8.62053063       8.62172366       8.60605867       8.58923567       8.55939497      
  0.05900000       1.42510267E-01   2606.06794163    -3.15322444      0.13026842       4.97958849       9.13927013       9.06190635       8.80749772       8.79825688       8.81613721       8.82419516       8.81251243       8.79828879       8.76922469      
  0.05900000       1.80472177E-01   2527.92721800    -3.25831085      0.12266985       5.03179065       9.38732994       9.29911657       9.00071117       8.99241629       9.01994765       9.03871913       9.03339682       9.02313988       8.99535804      
  0.05900000       2.28546386E-01   2441.69056935    -3.36721614      0.11599628       5.08037812       9.64730239       9.54336362       9.19233465       9.18477060       9.22346500       9.25453781       9.25576960       9.24965711       9.22287839      
  0.05900000       2.89426612E-01   2338.56230139    -3.48694994      0.11016751       5.12515923       9.91743706       9.79160873       9.38414865       9.37569039       9.42448064       9.46650849       9.47264268       9.46977764       9.44339643      
  0.05900000       3.66524124E-01   2225.77044600    -3.61291701      0.10519574       5.16526995       10.17431209      10.02327166      9.56603447       9.55371186       9.60803066       9.65702298       9.66598805       9.66517987       9.63869905      
  0.05900000       4.64158883E-01   2115.98160891    -3.73678352      0.10092647       5.20125605       10.40230880      10.23861796      9.73409504       9.71563329       9.77164630       9.82368453       9.83302867       9.83248360       9.80470375      
  0.05900000       5.87801607E-01   1996.10995570    -3.87046666      0.09723561       5.23361557       10.62525281      10.46662078      9.90100216       9.87273362       9.92781171       9.98020142       9.98802804       9.98636887       9.95635988      
  0.05900000       7.44380301E-01   1873.35676157    -4.00927683      0.09409156       5.26216495       10.83929647      10.71009376      10.06453073      10.02188195      10.07334898      10.12436775      10.13042015      10.12770289      10.09569687     
  0.05900000       9.42668455E-01   1752.58866303    -4.14990288      0.09143551       5.28703654       11.05655211      10.96985602      10.22702817      10.16415663      10.21115659      10.26237212      10.26899029      10.26674646      10.23306085     
  0.05900000       1.19377664E+00   1639.31524827    -4.28800195      0.08914292       5.30909255       11.27837047      11.22785395      10.38727126      10.30029756      10.34272007      10.39525356      10.40409501      10.40315709      10.36821983     
  0.05900000       1.51177507E+00   1531.94477240    -4.42526869      0.08715850       5.32864705       11.51885463      11.48125871      10.55148375      10.43943843      10.47785863      10.53260430      10.54755141      10.54969448      10.51333980     
  0.05900000       1.91448198E+00   1439.17164341    -4.55148272      0.08540023       5.34634820       11.76237954      11.72399435      10.71200310      10.57667815      10.61128746      10.66829333      10.69173657      10.69871072      10.66130568     
  0.05900000       2.42446202E+00   1338.84573266    -4.69337366      0.08380778       5.36269759       12.05515983      11.99949812      10.90833201      10.75022420      10.77669931      10.83284873      10.86136273      10.87354606      10.83385379     
  0.05900000       3.07029063E+00   1244.32258556    -4.83504166      0.08242093       5.37719131       12.35730642      12.27853980      11.12755682      10.94885704      10.96023449      11.00553959      11.02911752      11.04562424      11.00343897     
  0.05900000       3.88815518E+00   1164.41886876    -4.96325564      0.08120526       5.39009796       12.62187602      12.51600431      11.34155617      11.14905128      11.14112496      11.16425579      11.17152893      11.19039097      11.14534118     
  0.05900000       4.92388263E+00   1091.40964881    -5.08747547      0.08011534       5.40183491       12.87043989      12.73499397      11.55212453      11.34948437      11.32227442      11.31799598      11.30144349      11.32140356      11.27332028     
  0.05900000       6.23550734E+00   1026.24069217    -5.20532960      0.07911569       5.41274099       13.11882706      12.94961277      11.77076853      11.55909696      11.51350306      11.47513263      11.42693074      11.44670075      11.39583309     
  0.05900000       7.89652287E+00   968.41758463     -5.31626519      0.07819361       5.42292373       13.35312461      13.14589483      11.97788804      11.75350326      11.69459382      11.62039300      11.54029170      11.55899235      11.50534072     
  0.05900000       1.00000000E+01   916.50036785     -5.42190639      0.07730504       5.43285060       13.57382864      13.33467804      12.17479455      11.93356373      11.86524542      11.75534221      11.64564725      11.66354911      11.60829534     
