# Mass             Age              Teff             Luminosity       Radius           Gravity          MKO_Y            MKO_J            MKO_H            MKO_K            MKO_Lp           MKO_Mp           W1               W2               W3               W4               IRAC_CH1         IRAC_CH2        
# M/Msun           Gyr              K                L/Lsun           R/Rsun           log(g[cm/s^2])  
  0.01300000       1.00000000E-03   2477.39177273    -2.53323067      0.29431798       3.61472696       9.68859778       8.91477805       8.46451729       7.99009988       7.38416320       7.43750135       7.71049561       7.40365892       7.06925517       6.93092692       7.53227918       7.39171555      
  0.01300000       1.26638017E-03   2445.49387671    -2.61822219      0.27389738       3.67718412       9.90478186       9.11324990       8.66591846       8.18577043       7.56876959       7.64584131       7.90881267       7.60561962       7.25574216       7.12515732       7.72242664       7.59193355      
  0.01300000       1.60371874E-03   2414.27783713    -2.70060672      0.25559203       3.73726576       10.11588028      9.30561223       8.86067974       8.37565225       7.74733375       7.85168146       8.10110280       7.80398882       7.43715952       7.31540151       7.90646877       7.78835671      
  0.01300000       2.03091762E-03   2379.34889197    -2.78470030      0.23887268       3.79602744       10.33384906      9.50147039       9.05828953       8.56820832       7.92654534       8.06646225       8.29551191       8.00862576       7.62048675       7.50944989       8.09158821       7.99050054      
  0.01300000       2.57191381E-03   2337.06446688    -2.87318277      0.22361450       3.85336044       10.56576504      9.70582490       9.26426521       8.76813831       8.10949914       8.29548496       8.49647967       8.22458267       7.80840488       7.71068142       8.28142975       8.20326046      
  0.01300000       3.25702066E-03   2290.75050666    -2.96294399      0.20989012       3.90837430       10.80650539      9.91404850       9.47204321       8.97066384       8.29144918       8.53516372       8.69794714       8.44690091       7.99625807       7.91295024       8.47064088       8.42167540      
  0.01300000       4.12462638E-03   2243.84251740    -3.05090711      0.19769068       3.96038640       11.04815856      10.11959268      9.67472064       9.17046399       8.46765811       8.77791189       8.89330839       8.66834801       8.17855818       8.10909552       8.65372364       8.63875729      
  0.01300000       5.22334507E-03   2191.63292345    -3.13988020      0.18704823       4.00845290       11.29740725      10.32583051      9.87698563       9.37173538       8.63993418       9.02292256       9.08484931       8.88946263       8.35415585       8.29655898       8.83283914       8.85513867      
  0.01300000       6.61474064E-03   2120.67284892    -3.23873093      0.17828255       4.05014234       11.58958436      10.55473632      10.09652496      9.59207684       8.81672663       9.28853762       9.28533449       9.12585865       8.52735043       8.47903521       9.01851942       9.08572200      
  0.01300000       8.37677640E-03   2063.31144535    -3.32097566      0.17132315       4.08472552       11.83907761      10.74908796      10.28005686      9.78108200       8.96558640       9.50614175       9.45478319       9.31993290       8.66905906       8.62560057       9.17633461       9.27536413      
  0.01300000       1.06081836E-02   2014.72930494    -3.39063220      0.16583356       4.11301361       12.05348921      10.91519914      10.43547823      9.94533273       9.09290220       9.68719552       9.60215303       9.48169897       8.78630474       8.74459437       9.31371315       9.43361050      
  0.01300000       1.34339933E-02   1969.41688023    -3.45295942      0.16153416       4.13582928       12.25155342      11.06376865      10.57302994      10.09793856      9.20910021       9.83986542       9.74419471       9.61974457       8.88613230       8.84127272       9.44555893       9.56899207      
  0.01300000       1.70125428E-02   1928.39663617    -3.50802144      0.15813087       4.15432468       12.42631165      11.19496270      10.69446147      10.23332385      9.31195063       9.97164088       9.87270506       9.73927448       8.97149407       8.92266634       9.56446033       9.68630885      
  0.01300000       2.15443469E-02   1891.60922124    -3.55733089      0.15527515       4.17015481       12.58012234      11.31290733      10.80329911      10.35616515      9.40665665       10.08386385      9.99384265       9.84274065       9.04604017       8.99201491       9.67625610       9.78811404      
  0.01300000       2.72833338E-02   1859.06648247    -3.60203966      0.15269279       4.18472346       12.71838110      11.42055366      10.90177846      10.47071370      9.49739125       10.17739420      10.11315262      9.93200070       9.11283072       9.05147408       9.78619068       9.87638590      
  0.01300000       3.45510729E-02   1824.62895350    -3.64935911      0.15010662       4.19956190       12.86025632      11.53281064      11.00611713      10.59620778      9.59777109       10.27234510      10.24830794      10.02425206      9.18258314       9.11167447       9.91034176       9.96795381      
  0.01300000       4.37547938E-02   1783.43981227    -3.70504570      0.14736852       4.21555738       13.02340030      11.66423085      11.12915588      10.74703492      9.71955176       10.37924551      10.41545523      10.12958795      9.26204307       9.17843096       10.06320755      10.07288298     
  0.01300000       5.54102033E-02   1730.72207120    -3.77454524      0.14445415       4.23290936       13.21825533      11.82588727      11.28295269      10.94474656      9.88322217       10.49750288      10.64680639      10.25118524      9.35524801       9.25229401       10.27330866      10.19533548     
  0.01300000       7.01703829E-02   1667.18720502    -3.86012499      0.14107027       4.25349960       13.43896417      12.02014095      11.47874496      11.20942905      10.10451615      10.62973377      10.95808229      10.39338034      9.46691667       9.33976206       10.55708506      10.34064195     
  0.01300000       8.88623816E-02   1585.75105847    -3.97305210      0.13691558       4.27945971       13.70475916      12.26951811      11.74628666      11.58390361      10.41426410      10.79417148      11.38761903      10.57694319      9.61152818       9.45183066       10.95157529      10.53028511     
  0.01300000       1.12533558E-01   1464.18692743    -4.14621226      0.13156339       4.31408867       14.02412163      12.63497008      12.21535926      12.22115826      10.93212125      11.01982925      12.03171353      10.84852295      9.82139704       9.61907325       11.58342838      10.81851253     
  0.01300000       1.42510267E-01   1322.72852203    -4.35831580      0.12627920       4.34969528       14.36430685      13.05712704      12.90367477      12.98314448      11.59526164      11.25048509      12.75013917      11.15367679      10.06720443      9.83729476       12.35856587      11.14920208     
  0.01300000       1.80472177E-01   1188.38039816    -4.57808606      0.12147205       4.38340582       14.72844095      13.49678901      13.68384729      13.65290842      12.21110240      11.45168847      13.40856702      11.43829771      10.33662114      10.10914412      13.05444542      11.45011928     
  0.01300000       2.28546386E-01   1062.73931013    -4.80053836      0.11757371       4.41173786       15.12093976      13.98741970      14.46558007      14.29902775      12.74770729      11.66640217      14.04694522      11.73595829      10.65907235      10.39626559      13.65246642      11.75147819     
  0.01300000       2.89426612E-01   955.71994448     -5.00816910      0.11447041       4.43497180       15.55796738      14.49641007      15.12379214      14.90924733      13.20088985      11.89329046      14.64216336      12.03317763      11.00250155      10.65288194      14.15900667      12.04751047     
  0.01300000       3.66524124E-01   856.91022941     -5.21674883      0.11199339       4.45397336       16.06379994      15.05746859      15.75455707      15.60294793      13.61269647      12.14446606      15.17203278      12.33784863      11.36329834      10.87523453      14.61080549      12.35172436     
  0.01300000       4.64158883E-01   769.42717341     -5.41875732      0.11008334       4.46891481       16.59848033      15.63626426      16.37973804      16.33245726      14.00002306      12.39941982      15.68615934      12.63773842      11.72029786      11.07991668      15.03358955      12.65157986     
  0.01300000       5.87801607E-01   698.22664176     -5.59967220      0.10854569       4.48113270       17.12232886      16.16735228      16.96215835      17.01771479      14.34723317      12.64267895      16.15401584      12.91036524      12.02734358      11.25679258      15.41912386      12.92414894     
  0.01300000       7.44380301E-01   642.23940667     -5.75555823      0.10721766       4.49182511       17.61201996      16.65978015      17.51846663      17.68798030      14.67866288      12.86859483      16.59423022      13.15887562      12.30427740      11.41915153      15.78924907      13.17520886     
  0.01300000       9.42668455E-01   587.27254705     -5.92038613      0.10606201       4.50123800       18.15673907      17.19534904      18.12450880      18.41927098      15.02917289      13.11018682      17.07052857      13.42410523      12.58365090      11.58506652      16.19281249      13.44046652     
  0.01300000       1.19377664E+00   540.65427562     -6.07215094      0.10507860       4.50932908       18.70375761      17.73852432      18.75578569      19.20338428      15.40697320      13.34595282      17.55676027      13.69100667      12.84961595      11.73653482      16.61551926      13.70990727     
  0.01300000       1.51177507E+00   507.47280242     -6.18979864      0.10415968       4.51695830       19.15562503      18.20688197      19.30422326      19.86686304      15.72119810      13.53970642      17.94217951      13.90981564      13.04558132      11.84759357      16.96253181      13.92867267     
  0.01300000       1.91448198E+00   471.46187082     -6.32493314      0.10329307       4.52421522       19.74755455      18.85394624      20.06407825      20.80694573      16.12455917      13.80979609      18.44573270      14.19270573      13.29804722      11.98768105      17.41841257      14.20937447     
  0.01300000       2.42446202E+00   437.82010941     -6.46020331      0.10250229       4.53089047       20.36207252      19.54789575      20.79177605      21.68167716      16.49682528      14.06523526      18.91193768      14.46405269      13.52058114      12.11214197      17.83928315      14.48058195     
  0.01300000       3.07029063E+00   408.09202397     -6.58859782      0.10176832       4.53713235       21.04881645      20.36126974      21.54465794      22.66581810      16.89137916      14.33497159      19.42514439      14.74075439      13.77658136      12.24460609      18.30234121      14.75466470     
  0.01300000       3.88815518E+00   383.84451555     -6.70090328      0.10107833       4.54304144       21.78823028      21.21147481      22.21494010      23.61167530      17.25559748      14.58847425      19.91117318      15.00305526      14.00146116      12.36474967      18.73710479      15.01427165     
  0.01300000       4.92388263E+00   360.99809738     -6.81331099      0.10040651       4.54883380       22.55024811      22.05991780      22.84967262      24.61123742      17.62901639      14.84249907      20.41869328      15.26485847      14.24450748      12.48634380      19.19354885      15.27238816     
  0.01300000       6.23550734E+00   342.37395537     -6.91096893      0.09975519       4.55448656       23.37591667      22.93998654      23.46773716      25.63707920      17.99654702      15.09149324      20.93130013      15.51583578      14.47598830      12.59873207      19.65021396      15.51887209     
  0.01300000       7.89652287E+00   326.80845338     -6.99763442      0.09908872       4.56030917       24.22885180      23.84139975      24.09270960      26.70149400      18.36269401      15.34116003      21.44863489      15.75498346      14.69830581      12.70874804      20.11722731      15.75229865     
  0.01300000       1.00000000E+01   309.99793469     -7.09529438      0.09841548       4.56623079       25.00085298      24.63849984      24.66828510      27.78381297      18.72060150      15.57667068      21.98150798      15.98040776      14.94760107      12.82959609      20.59068977      15.97112593     
