# Mass             Age              Teff             Luminosity       Radius           Gravity          MKO_Y            MKO_J            MKO_H            MKO_K            MKO_Lp           MKO_Mp           W1               W2               W3               W4               IRAC_CH1         IRAC_CH2        
# M/Msun           Gyr              K                L/Lsun           R/Rsun           log(g[cm/s^2])  
  0.05900000       1.00000000E-03   2983.11502836    -1.50258280      0.66496669       3.56366704       7.10613018       6.49574844       5.94834306       5.62820990       5.20733982       5.20799092       5.43684677       5.18775471       4.99984942       4.86196890       5.31724344       5.18119398      
  0.05900000       1.26638017E-03   2983.11502836    -1.51604322      0.65472941       3.57714257       7.13999325       6.52982131       5.98278663       5.66238185       5.24119346       5.24181621       5.47057237       5.22158404       5.03352794       4.89581787       5.35102620       5.21503788      
  0.05900000       1.60371874E-03   2983.13142352    -1.52641486      0.64694756       3.58752841       7.16607105       6.55605816       6.00929117       5.68868797       5.26726613       5.26787961       5.49655008       5.24764689       5.05948082       4.92190443       5.37704559       5.24111095      
  0.05900000       2.03091762E-03   2983.25240905    -1.54051216      0.63648897       3.60168488       7.20148500       6.59170185       6.04525030       5.72441595       5.30272253       5.30334962       5.53187633       5.28310882       5.09481947       4.95743229       5.41242883       5.27658504      
  0.05900000       2.57191381E-03   2983.45849195    -1.56399434      0.61942765       3.62528540       7.26053110       6.65111169       6.10514401       5.78394357       5.36181617       5.36249905       5.59076718       5.34223544       5.15374845       5.01668166       5.47140592       5.33572903      
  0.05900000       3.25702066E-03   2983.93940740    -1.61276682      0.58541332       3.67434129       7.38323699       6.77450492       6.22936819       5.90749642       5.48455410       5.48548996       5.71313721       5.46514061       5.27628086       5.13990248       5.59392222       5.45865866      
  0.05900000       4.12462638E-03   2983.80199507    -1.73952850      0.50595972       3.80103630       7.70230483       7.09452873       6.55095974       6.22743658       5.80227632       5.80459141       6.03039364       5.78381704       5.59381649       5.45929319       5.91126790       5.77733083      
  0.05900000       5.22334507E-03   2985.39553436    -1.87441990      0.43271611       3.93686203       8.04221389       7.43507158       6.89128656       6.56737232       6.14108299       6.14645954       6.36912686       6.12479637       5.93413252       5.80194128       6.24984532       6.11819016      
  0.05900000       6.61474064E-03   2982.03093341    -1.98887829      0.38015353       4.04935079       8.33027396       7.72193711       7.17808783       6.85331070       6.42485308       6.43370119       6.65382710       6.41102389       6.21886866       6.08866509       6.53384490       6.40422979      
  0.05900000       8.37677640E-03   2972.57249140    -2.09253009      0.33955080       4.14745970       8.59052629       7.97891311       7.43556578       7.10912839       6.67692916       6.68997180       6.90801281       6.66604600       6.47120909       6.34290257       6.78667775       6.65897605      
  0.05900000       1.06081836E-02   2962.44939472    -2.18742931      0.30648524       4.23645019       8.82873976       8.21328049       7.67011645       7.34237944       6.90653323       6.92447359       7.14012402       6.89908178       6.70149647       6.57513607       7.01722123       6.89167823      
  0.05900000       1.34339933E-02   2951.97260496    -2.27624399      0.27866280       4.31911113       9.05155652       8.43174244       7.88842454       7.55978468       7.12044253       7.14406319       7.35690704       7.11697523       6.91659659       6.79230842       7.23223422       7.10917457      
  0.05900000       1.70125428E-02   2940.24909060    -2.36132482      0.25467962       4.39728029       9.26487835       8.63995979       8.09637972       7.76698289       7.32394965       7.35409987       7.56377471       7.32506411       7.12161448       6.99954263       7.43705563       7.31679505      
  0.05900000       2.15443469E-02   2922.39283130    -2.44705869      0.23357056       4.47243061       9.47929453       8.84705238       8.30396789       7.97291585       7.52439233       7.56248848       7.76890914       7.53107118       7.32312438       7.20346196       7.63937139       7.52219998      
  0.05900000       2.72833338E-02   2906.40298953    -2.52825785      0.21507399       4.54409351       9.68256663       9.04306017       8.50005640       8.16807623       7.71475941       7.76155424       7.96393342       7.72755777       7.51542233       7.39838535       7.83159663       7.71803230      
  0.05900000       3.45510729E-02   2882.75593855    -2.61185864      0.19855321       4.61351527       9.89160305       9.24162528       8.69950714       8.36562880       7.90516818       7.96313051       8.16082970       7.92587169       7.70754421       7.59343739       8.02460800       7.91545996      
  0.05900000       4.37547938E-02   2848.86286766    -2.69935059      0.18382683       4.68045114       10.11012261      9.44495606       8.90489498       8.56788886       8.09717071       8.17065898       8.36213490       8.12890412       7.90139836       7.79101748       8.22034119       8.11722816      
  0.05900000       5.54102033E-02   2816.54913669    -2.78361979      0.17067834       4.74491044       10.32243803      9.64070274       9.10181070       8.76281983       8.28198019       8.37346509       8.55666763       8.32641669       8.08935170       7.98309966       8.40898426       8.31332027      
  0.05900000       7.01703829E-02   2776.17431981    -2.87112694      0.15884592       4.80731469       10.54425569      9.84095635       9.30373149       8.96215851       8.46806919       8.58287318       8.75501375       8.52894554       8.27906273       8.17761623       8.59980800       8.51401432      
  0.05900000       8.88623816E-02   2727.72571269    -2.96169939      0.14824527       4.86730648       10.77534611      10.04467116      9.51031744       9.16585115       8.65519300       8.80062415       8.95756210       8.73758843       8.47087890       8.37468672       8.79277893       8.72036108      
  0.05900000       1.12533558E-01   2671.69385679    -3.05521761      0.13875504       4.92476992       11.02575759      10.25594670      9.72040505       9.37503325       8.84238756       9.03211956       9.16359828       8.95512980       8.66504923       8.57735451       8.98676796       8.93456891      
  0.05900000       1.42510267E-01   2606.06794163    -3.15322444      0.13026842       4.97958849       11.29183398      10.47532946      9.93828089       9.59082601       9.03204636       9.27790157       9.37607696       9.18324566       8.86289695       8.78678906       9.18459482       9.15837698      
  0.05900000       1.80472177E-01   2527.92721800    -3.25831085      0.12266985       5.03179065       11.59260435      10.71168498      10.16797999      9.82126882       9.22656941       9.55561894       9.59872328       9.43349880       9.06949196       9.01221540       9.38878814       9.40251718      
  0.05900000       2.28546386E-01   2441.69056935    -3.36721614      0.11599628       5.08037812       11.91623051      10.95674233      10.40167698      10.06031132      9.42035090       9.85808139       9.82345171       9.69718204       9.27639899       9.23937263       9.59296413       9.65889337      
  0.05900000       2.89426612E-01   2338.56230139    -3.48694994      0.11016751       5.12515923       12.29401814      11.23040951      10.65499017      10.32826576      9.62252018       10.18663415      10.05964592      9.97816388       9.48246646       9.46000172       9.80737603       9.93133137      
  0.05900000       3.66524124E-01   2225.77044600    -3.61291701      0.10519574       5.16526995       12.70812964      11.52288809      10.92016383      10.61814017      9.83040186       10.50178733      10.30439917      10.25052806      9.67376348       9.65566094       10.03226648      10.19636153     
  0.05900000       4.64158883E-01   2115.98160891    -3.73678352      0.10092647       5.20125605       13.11541212      11.81516171      11.18386821      10.91915408      10.04609433      10.77438025      10.57138408      10.49556306      9.84858572       9.82276443       10.27970897      10.43666953     
  0.05900000       5.87801607E-01   1996.10995570    -3.87046666      0.09723561       5.23361557       13.53785122      12.13019071      11.46989026      11.26261381      10.30411971      11.02575292      10.91657278      10.73411669      10.02303747      9.97610477       10.59819555      10.67315035     
  0.05900000       7.44380301E-01   1873.35676157    -4.00927683      0.09409156       5.26216495       13.92683259      12.45070287      11.77870339      11.65191059      10.62275065      11.24528929      11.36392787      10.95916428      10.19538907      10.11691559      11.00798169      10.89979618     
  0.05900000       9.42668455E-01   1752.58866303    -4.14990288      0.09143551       5.28703654       14.23500563      12.75342192      12.11517129      12.09036494      10.99339543      11.43912148      11.88276688      11.17338567      10.36671437      10.25566577      11.48544986      11.11982483     
  0.05900000       1.19377664E+00   1639.31524827    -4.28800195      0.08914292       5.30909255       14.48482455      13.03648147      12.47598706      12.56044258      11.38238031      11.61091971      12.39825819      11.37814028      10.53222100      10.39207615      11.97333632      11.33386901     
  0.05900000       1.51177507E+00   1531.94477240    -4.42526869      0.08715850       5.32864705       14.68413301      13.28420681      12.87962709      13.03054577      11.76608840      11.74871253      12.86097074      11.56430683      10.69661034      10.53870661      12.43326936      11.53131422     
  0.05900000       1.91448198E+00   1439.17164341    -4.55148272      0.08540023       5.34634820       14.89043309      13.51472703      13.29110113      13.45505584      12.11922140      11.86320168      13.26385926      11.72964278      10.85442776      10.68812713      12.84544870      11.70651109     
  0.05900000       2.42446202E+00   1338.84573266    -4.69337366      0.08380778       5.36269759       15.08721288      13.76192064      13.78266968      13.90638279      12.47196437      11.97449650      13.67547160      11.90638291      11.04300245      10.86318728      13.24802185      11.88958275     
  0.05900000       3.07029063E+00   1244.32258556    -4.83504166      0.08242093       5.37719131       15.31928543      14.03189788      14.27854346      14.35028701      12.79409373      12.09741586      14.06722196      12.08918051      11.24697520      11.03536076      13.61229638      12.07494568     
  0.05900000       3.88815518E+00   1164.41886876    -4.96325564      0.08120526       5.39009796       15.56107508      14.30519890      14.69228829      14.75405254      13.04562398      12.22077417      14.38444889      12.25693396      11.44085899      11.17981843      13.89386652      12.24249916     
  0.05900000       4.92388263E+00   1091.40964881    -5.08747547      0.08011534       5.40183491       15.82423356      14.59184852      15.06644430      15.13939904      13.27097648      12.34679534      14.67340954      12.41865702      11.63029650      11.31035067      14.14451827      12.40360744     
  0.05900000       6.23550734E+00   1026.24069217    -5.20532960      0.07911569       5.41274099       16.10771159      14.89005085      15.42752904      15.54387920      13.48795636      12.48414364      14.95673067      12.58469136      11.82559516      11.43508248      14.38629593      12.56877472     
  0.05900000       7.89652287E+00   968.41758463     -5.31626519      0.07819361       5.42292373       16.39813080      15.18301199      15.75753120      15.92810089      13.68129374      12.61849671      15.21114128      12.74208721      12.00827155      11.54656440      14.60057081      12.72499346     
  0.05900000       1.00000000E+01   916.50036785     -5.42190639      0.07730504       5.43285060       16.68639971      15.46736463      16.06986864      16.29538871      13.86299780      12.74982645      15.44657333      12.89061279      12.17983357      11.65071385      14.80021009      12.87358030     
