# Mass             Age              Teff             Luminosity       Radius           Gravity          NIRCAM-F322W2    NIRCAM-F164N     NIRCAM-F090W     NIRCAM-F277W     NIRCAM-F162M     NIRCAM-F115W     NIRCAM-F410M     NIRCAM-F300M     NIRCAM-F444W     NIRCAM-F250M     NIRCAM-F430M     NIRCAM-F323N     NIRCAM-F212N     NIRCAM-F466N     NIRCAM-F460M     NIRCAM-F200W     NIRCAM-F070W     NIRCAM-F182M     NIRCAM-F360M     NIRCAM-F405N     NIRCAM-F335M     NIRCAM-F140M     NIRCAM-F150W     NIRCAM-F187N     NIRCAM-F480M     NIRCAM-F210M     NIRCAM-F470N     NIRCAM-F356W     NIRCAM-F150W2   
# M/Msun           Gyr              K                L/Lsun           R/Rsun           log(g[cm/s^2])  
  0.00200000       1.00000000E-03   1222.89413177    -4.19572320      0.17815133       3.23786838       11.33439581      11.83726600      15.67287718      12.74941935      12.10094485      13.46221521      10.38563238      12.21016102      10.85047224      12.90460269      11.36994278      11.54037403      11.90350251      11.46582850      11.70963566      12.67120982      21.38469657      13.16777475      10.47059144      10.34403909      11.32421194      14.75666541      13.15063311      13.78463071      11.36557979      12.16298533      11.56229351      10.60898536      12.96314228     
  0.00200000       1.26638017E-03   1165.85170523    -4.30874350      0.17209348       3.26791616       11.63314614      12.10380176      15.99199822      13.08112762      12.37226666      13.68775002      10.63272432      12.51238425      11.10737799      13.28151892      11.65861210      11.95513898      12.23065874      11.76092833      12.02134189      13.02350796      22.09505878      13.51958047      10.77911123      10.61322006      11.75045968      15.12223277      13.42218423      14.17989517      11.64353819      12.49750843      11.87348561      10.90224970      13.25778986     
  0.00200000       1.60371874E-03   1107.51280853    -4.42601728      0.16661924       3.29599535       11.96820007      12.41814909      16.33176576      13.43207123      12.68232577      13.90508136      10.88889383      12.83544286      11.37142006      13.69243071      11.94295917      12.44675168      12.59148169      12.06528067      12.34441472      13.40635907      22.80262283      13.89858697      11.13790971      10.87954320      12.24298716      15.50182340      13.72015360      14.59629955      11.92909849      12.86333939      12.19724364      11.23639823      13.56977886     
  0.00200000       2.03091762E-03   1053.89844129    -4.53857024      0.16163999       3.32234876       12.30224457      12.76358362      16.66660465      13.75842624      13.00965228      14.12652930      11.13676249      13.13816572      11.62323135      14.08817440      12.19548684      12.96549396      12.94797309      12.35535152      12.65394529      13.77658754      23.41506813      14.26388132      11.50419066      11.12015702      12.73696367      15.85361321      14.02172367      14.97817424      12.19881885      13.22076149      12.50820394      11.57503069      13.87886102     
  0.00200000       2.57191381E-03   998.64168417     -4.65696758      0.15708389       3.34718266       12.68022328      13.18299149      17.01474712      14.10467125      13.38795303      14.35651132      11.41220716      13.45986227      11.89827574      14.52871429      12.44672370      13.57110964      13.34334583      12.67018309      12.99177358      14.17990532      24.01777633      14.66208578      11.92814737      11.37451236      13.29822373      16.20841717      14.35551761      15.37239116      12.48709917      13.61347128      12.84934715      11.96232459      14.21132994     
  0.00200000       3.25702066E-03   944.66631617     -4.77659741      0.15296067       3.37028630       13.05119441      13.68902812      17.39066299      14.42716193      13.80961655      14.59712442      11.68056172      13.76128855      12.16034084      14.95489433      12.67141145      14.17684344      13.71746941      12.95781322      13.30315305      14.56014265      24.49664735      15.06147431      12.35169450      11.60107060      13.84740392      16.55291002      14.71533362      15.72972088      12.74847785      13.98273216      13.16648514      12.34801766      14.54736173     
  0.00200000       4.12462638E-03   892.36529053     -4.89693742      0.14924011       3.39167511       13.43440062      14.22384947      17.75803354      14.75641530      14.24159826      14.84098219      11.95577510      14.06819580      12.42771360      15.39643073      12.89629938      14.78540304      14.09988608      13.25503939      13.62670322      14.94947961      24.94974325      15.47883129      12.79084569      11.83097846      14.41243802      16.90356229      15.08135318      16.09480876      13.01336973      14.35935968      13.49763254      12.74599288      14.88839886     
  0.00200000       5.22334507E-03   848.30672220     -5.00522687      0.14578274       3.41203212       13.76669865      14.74423456      18.09462046      15.04421702      14.63532168      15.10057642      12.20288035      14.33376225      12.66405886      15.78477636      13.08444553      15.27343998      14.43595347      13.51595726      13.91409455      15.29423727      25.33723204      15.87616199      13.16446476      12.05053042      14.86975433      17.24846104      15.41867987      16.42562641      13.23955995      14.68854473      13.79272869      13.09210311      15.20860966     
  0.00200000       6.61474064E-03   801.96734861     -5.12214475      0.14257706       3.43134651       14.11319742      15.32757421      18.46436876      15.35737329      15.05085266      15.40160521      12.46470195      14.61985268      12.91396790      16.20882848      13.28746771      15.77565269      14.80440675      13.79635965      14.22631584      15.67342072      25.72878026      16.32940379      13.54799591      12.28222174      15.33605938      17.64631017      15.78189005      16.80273443      13.47734622      15.04815226      14.11715177      13.45070190      15.56109438     
  0.00200000       8.37677640E-03   754.80790687     -5.24558016      0.13962572       3.44951444       14.46865476      15.95322338      18.86275596      15.69807688      15.46758479      15.73144391      12.73452724      14.92956577      13.17419240      16.66780146      13.51882730      16.30364332      15.19974029      14.09793861      14.56459648      16.08266872      26.11947576      16.82827165      13.93551431      12.50459135      15.81856921      18.08777281      16.15585588      17.22625271      13.72960188      15.43386687      14.47409112      13.81446465      15.93588378     
  0.00200000       1.06081836E-02   708.12414233     -5.37328123      0.13695136       3.46631194       14.83281842      16.62269802      19.29214172      16.07088743      15.88596646      16.08726483      13.01325426      15.26825349      13.44354785      17.16406301      13.76659341      16.86028542      15.63114895      14.41905732      14.92843868      16.53093242      26.49585193      17.38343717      14.32615338      12.73854027      16.31763106      18.58669372      16.54710157      17.71154516      13.99211214      15.85524161      14.86387951      14.18170056      16.33438008     
  0.00200000       1.34339933E-02   661.15969363     -5.50784677      0.13455522       3.48164396       15.22386883      17.36871636      19.74830169      16.48549892      16.32115155      16.46881714      13.31404043      15.64683671      13.72981137      17.71383635      14.01464960      17.47607450      16.11607956      14.76224174      15.32110631      17.03527058      26.82090832      18.01739161      14.74242056      13.01544890      16.86127592      19.15190061      16.96839379      18.27349559      14.26379372      16.32989615      15.29077564      14.57233852      16.76236645     
  0.00200000       1.70125428E-02   615.37456488     -5.64637876      0.13242544       3.49550199       15.63826150      18.19268291      20.26220404      16.93117311      16.78341739      16.88703071      13.63291427      16.05717306      14.02606695      18.30482665      14.26881081      18.13811125      16.65455958      15.10589652      15.71101245      17.59157913      27.16622323      18.71817388      15.18549046      13.31607992      17.43848278      19.78357296      17.42614667      18.89992650      14.53082260      16.85578021      15.72184497      14.98588261      17.22710935     
  0.00200000       2.15443469E-02   578.68756341     -5.76590652      0.13049266       3.50827251       16.01205307      18.97883861      20.79457125      17.33886943      17.22034274      17.29337153      13.92565919      16.43731926      14.28831669      18.83819165      14.51384262      18.73025259      17.16295497      15.37746672      16.01308069      18.11128519      27.53195018      19.37805002      15.58843922      13.58765792      17.95035963      20.40696041      17.87014818      19.49427351      14.74109468      17.34881326      16.06516414      15.35884913      17.67138046     
  0.00200000       2.72833338E-02   545.71305828     -5.88014016      0.12865898       3.52056465       16.37027716      19.71969065      21.30354658      17.74576255      17.63537039      17.68476690      14.20245546      16.81904118      14.53215203      19.36314477      14.73352639      19.31573570      17.67506351      15.60822745      16.26793464      18.63301977      27.83040276      20.03387669      15.97458433      13.84521947      18.44401562      21.01828404      18.29877671      20.10215125      14.93590376      17.84776032      16.35535590      15.71373131      18.10012043     
  0.00200000       3.45510729E-02   512.40641509     -6.00122833      0.12693711       3.53226744       16.74487208      20.48549109      21.84238245      18.19156279      18.07694453      18.11864031      14.48358915      17.23925363      14.77914544      19.93866701      14.94429775      19.95468497      18.25402621      15.85908361      16.54449607      19.22015120      28.05625149      20.74945599      16.37882149      14.11547904      18.96650318      21.67640603      18.75841673      20.78090036      15.14392519      18.41495654      16.67061751      16.08215543      18.56861423     
  0.00200000       4.37547938E-02   481.21757244     -6.12132575      0.12533942       3.54326915       17.15916992      21.36636062      22.48301274      18.66543470      18.56534191      18.62481972      14.79044970      17.68927370      15.05686508      20.56405369      15.19343798      20.67446159      18.88693092      16.18199098      16.90365739      19.85862201      28.31923260      21.53216382      16.83479488      14.40886798      19.54919663      22.42583681      19.26818291      21.51262579      15.38369881      19.03329657      17.09293281      16.49453815      19.10187867     
  0.00200000       5.54102033E-02   452.36949235     -6.23915203      0.12384318       3.55370034       17.55948033      22.18496615      23.06774152      19.16902367      19.05339485      19.14506010      15.07889392      18.17142303      15.28951985      21.20245663      15.36687659      21.40463550      19.57163944      16.35159518      17.07722881      20.55460091      28.56061936      22.34519518      17.27265972      14.70906574      20.11434604      23.17251502      19.78183461      22.30785739      15.55607535      19.71509066      17.29341235      16.88719127      19.64520133     
  0.00200000       7.01703829E-02   427.66094085     -6.34687921      0.12240349       3.56385679       17.93715796      22.95296412      23.59083071      19.64685980      19.50545067      19.63663644      15.34783285      18.63199848      15.50440956      21.80525068      15.52433386      22.10177094      20.23407242      16.49643289      17.22113726      21.22594097      28.80180285      23.12238879      17.68849354      14.99771232      20.64577908      23.87387404      20.25889197      23.07421692      15.72288459      20.37483054      17.46250775      17.25826984      20.15434728     
  0.00200000       8.88623816E-02   402.21090828     -6.46324329      0.12103131       3.57364895       18.40378090      23.93155608      24.20471600      20.24936721      20.09895353      20.29415746      15.66223739      19.21724468      15.73757708      22.54538412      15.69060481      22.99136233      21.06101998      16.58815683      17.29765606      22.06746220      29.01706352      24.08965637      18.20678976      15.32443634      21.30457266      24.78198309      20.88327196      24.02620258      15.88617023      21.20312917      17.54415349      17.71857278      20.82435959     
  0.00200000       1.12533558E-01   383.34369235     -6.55637669      0.11969131       3.58331903       18.75219451      24.65028413      24.64260571      20.71057631      20.55490191      20.80568008      15.86612638      19.66740071      15.87683610      23.10785959      15.75646367      23.66742726      21.70798343      16.61253860      17.30639081      22.72666302      29.17712504      24.82972825      18.59559113      15.57264521      21.79286938      25.46956172      21.36305872      24.75913190      15.97598316      21.85515859      17.55086440      18.06315863      21.34061474     
  0.00200000       1.42510267E-01   363.91859311     -6.65637013      0.11836545       3.59299441       19.16810104      25.52150931      25.16199007      21.28770657      21.13003625      21.45348149      16.12837291      20.23273433      16.05423090      23.79271161      15.88744468      24.50113683      22.53820387      16.63428547      17.29217013      23.56927187      29.45303362      25.74328451      19.06201221      15.89294368      22.37943447      26.32011674      21.96333093      25.67854295      16.07382752      22.69072834      17.52366076      18.47366516      21.98882909     
  0.00200000       1.80472177E-01   346.26560429     -6.75226631      0.11707975       3.60248077       19.60297117      26.42648818      25.61661241      21.92467934      21.75970565      22.16052486      16.35705500      20.85984776      16.19881026      24.49467320      15.98072209      25.35556310      23.40913245      16.57151824      17.18290268      24.46001643      29.50370237      26.71700402      19.54626904      16.22167136      22.97427410      27.23370566      22.61759908      26.64418597      16.15368243      23.57306346      17.38443217      18.90276391      22.69440794     
  0.00200000       2.28546386E-01   332.90766540     -6.83032680      0.11577672       3.61220187       19.97878959      27.21363572      26.11805758      22.47132683      22.29646147      22.79740117      16.58563163      21.39812163      16.36161532      25.12218896      16.09162209      26.09713083      24.22952736      16.64434948      17.22823265      25.27812223      29.95605220      27.55939775      19.97250725      16.53148315      23.49733167      28.01786694      23.16925166      27.52152551      16.30448019      24.39066508      17.41998714      19.27562774      23.31453503     
  0.00200000       2.89426612E-01   318.20359238     -6.91886436      0.11444278       3.62226758       20.38900411      28.07618463      26.49406297      23.11767481      22.92801966      23.51804050      16.78394762      22.03659463      16.49336641      25.78006064      16.20050709      26.91308255      25.13593131      16.63806862      17.16925584      26.18631121      30.00432240      28.52238628      20.43540023      16.84664452      24.05734994      28.89118736      23.81404692      28.48539960      16.38228780      25.29360316      17.35910495      19.68372342      24.01761040     
  0.00200000       3.66524124E-01   302.43897811     -7.01729604      0.11311134       3.63243192       20.83242088      29.01489839      26.92669161      23.82801663      23.61855317      24.35154168      17.04061908      22.74123096      16.65634634      26.47268022      16.31793847      27.73707037      26.15421216      16.65115390      17.11733991      27.21045577      30.17540395      29.55921911      20.93173716      17.21391849      24.64687637      29.86164827      24.51541375      29.55660710      16.52479080      26.31554119      17.25099452      20.12496997      24.81265721     
  0.00200000       4.64158883E-01   288.07936591     -7.11177616      0.11181951       3.64240952       21.27013514      29.94933994      27.30107843      24.55203610      24.28413930      25.14818882      17.25062133      23.44879156      16.79711527      27.08795236      16.40428067      28.50325889      27.15502201      16.60780490      17.05258205      28.20943054      30.29541300      30.59703177      21.43296870      17.56839933      25.23466850      30.81195395      25.18932303      30.60775432      16.65399501      27.30644189      17.16221485      20.56349364      25.57231135     
  0.00200000       5.87801607E-01   273.26982558     -7.21340016      0.11054579       3.65235996       21.77595640      31.04845926      27.75524064      25.41048404      25.09141530      26.13314858      17.51342974      24.28639398      16.97660364      27.73478427      16.56828103      29.31704028      28.37520489      16.69168477      17.06435090      29.41503633      30.54447866      31.81537004      22.01341640      17.99859135      25.89648594      31.93158191      26.00154745      31.85945985      16.82189614      28.50723891      17.15678592      21.07285233      26.49547878     
  0.00200000       7.44380301E-01   257.56009946     -7.32599540      0.10931213       3.66210773       22.39496874      32.38775123      28.32708050      26.42573579      26.11833224      27.40378121      17.86490526      25.32611771      17.22119473      28.40731844      16.84327584      30.20281327      29.91153863      16.91516553      17.17163770      30.92522042      30.87620061      33.29079890      22.72003184      18.54473876      26.64552903      33.33322487      27.02980744      33.42625161      17.05463470      30.01771404      17.26120607      21.69943139      27.66017854     
  0.00200000       9.42668455E-01   244.71002658     -7.42435051      0.10813070       3.67154646       22.99339439      33.60645451      28.86573773      27.24942297      27.09932062      28.62776460      18.23307699      26.30432694      17.48423411      28.87775174      17.14356220      30.94027424      31.34469891      17.14901353      17.33047145      32.34131651      31.08308879      34.62116731      23.39455322      19.07459179      27.25646347      34.69991560      28.01077813      34.92562659      17.31304240      31.43583776      17.42869588      22.30830328      28.74682573     
  0.00200000       1.19377664E+00   233.84816866     -7.51288592      0.10693374       3.68121492       23.57212420      34.72659135      29.37642002      27.94099925      28.04337519      29.80212382      18.60649877      27.23095220      17.74869854      29.23254256      17.45386091      31.59242425      32.67665135      17.36310606      17.49143021      33.67374209      31.23653254      35.85025899      24.03790655      19.58918558      27.77499115      36.03208974      28.95454896      36.35068265      17.56709893      32.76492625      17.59982479      22.89809029      29.77440823     
  0.00200000       1.51177507E+00   221.76933848     -7.61477636      0.10573929       3.69097152       24.24492738      36.01193752      29.97919949      28.71537808      29.13321827      31.15971765      19.03674810      28.29931250      18.05346176      29.60551912      17.81058019      32.33181402      34.20932787      17.60664111      17.67862415      35.21581475      31.43481410      37.29240107      24.78763101      20.18622705      28.35341357      37.58366365      30.04390158      38.00031809      17.86093799      34.29743105      17.80018248      23.58477798      30.95790552     
  0.00200000       1.91448198E+00   208.72421315     -7.72958630      0.10458866       3.70047506       25.00808637      37.45165020      30.69803426      29.56786088      30.36631630      32.69759131      19.51828902      29.50187706      18.40021998      29.97675547      18.21210584      33.14071472      35.93964176      17.87073498      17.88479863      36.95548306      31.72741874      38.96640554      25.64443500      20.86081198      28.97923961      39.34870889      31.27620006      39.87126481      18.19362160      36.03183239      18.01811905      24.36535341      32.29176149     
