# Mass             Age              Teff             Luminosity       Radius           Gravity          NIRCAM-F322W2    NIRCAM-F164N     NIRCAM-F090W     NIRCAM-F277W     NIRCAM-F162M     NIRCAM-F115W     NIRCAM-F410M     NIRCAM-F300M     NIRCAM-F444W     NIRCAM-F250M     NIRCAM-F430M     NIRCAM-F323N     NIRCAM-F212N     NIRCAM-F466N     NIRCAM-F460M     NIRCAM-F200W     NIRCAM-F070W     NIRCAM-F182M     NIRCAM-F360M     NIRCAM-F405N     NIRCAM-F335M     NIRCAM-F140M     NIRCAM-F150W     NIRCAM-F187N     NIRCAM-F480M     NIRCAM-F210M     NIRCAM-F470N     NIRCAM-F356W     NIRCAM-F150W2   
# M/Msun           Gyr              K                L/Lsun           R/Rsun           log(g[cm/s^2])  
  0.02100000       1.00000000E-03   2672.81806078    -2.21214344      0.36595015       3.63379277       0.00000000       0.00000000       0.00000000       0.00000000       0.00000000       0.00000000       0.00000000       0.00000000       0.00000000       0.00000000       0.00000000       0.00000000       0.00000000       0.00000000       0.00000000       0.00000000       0.00000000       0.00000000       0.00000000       0.00000000       0.00000000       0.00000000       0.00000000       0.00000000       0.00000000       0.00000000       0.00000000       0.00000000       0.00000000      
  0.02100000       1.26638017E-03   2660.78437044    -2.28521746      0.33946839       3.69903794       0.00000000       0.00000000       0.00000000       0.00000000       0.00000000       0.00000000       0.00000000       0.00000000       0.00000000       0.00000000       0.00000000       0.00000000       0.00000000       0.00000000       0.00000000       0.00000000       0.00000000       0.00000000       0.00000000       0.00000000       0.00000000       0.00000000       0.00000000       0.00000000       0.00000000       0.00000000       0.00000000       0.00000000       0.00000000      
  0.02100000       1.60371874E-03   2644.45999846    -2.36126868      0.31486238       3.76439395       0.00000000       0.00000000       0.00000000       0.00000000       0.00000000       0.00000000       0.00000000       0.00000000       0.00000000       0.00000000       0.00000000       0.00000000       0.00000000       0.00000000       0.00000000       0.00000000       0.00000000       0.00000000       0.00000000       0.00000000       0.00000000       0.00000000       0.00000000       0.00000000       0.00000000       0.00000000       0.00000000       0.00000000       0.00000000      
  0.02100000       2.03091762E-03   2628.31492878    -2.43132578      0.29403743       3.82382936       0.00000000       0.00000000       0.00000000       0.00000000       0.00000000       0.00000000       0.00000000       0.00000000       0.00000000       0.00000000       0.00000000       0.00000000       0.00000000       0.00000000       0.00000000       0.00000000       0.00000000       0.00000000       0.00000000       0.00000000       0.00000000       0.00000000       0.00000000       0.00000000       0.00000000       0.00000000       0.00000000       0.00000000       0.00000000      
  0.02100000       2.57191381E-03   2618.65040404    -2.48120480      0.27968230       3.86730589       0.00000000       0.00000000       0.00000000       0.00000000       0.00000000       0.00000000       0.00000000       0.00000000       0.00000000       0.00000000       0.00000000       0.00000000       0.00000000       0.00000000       0.00000000       0.00000000       0.00000000       0.00000000       0.00000000       0.00000000       0.00000000       0.00000000       0.00000000       0.00000000       0.00000000       0.00000000       0.00000000       0.00000000       0.00000000      
  0.02100000       3.25702066E-03   2612.56760797    -2.50956936      0.27196233       3.89161648       0.00000000       0.00000000       0.00000000       0.00000000       0.00000000       0.00000000       0.00000000       0.00000000       0.00000000       0.00000000       0.00000000       0.00000000       0.00000000       0.00000000       0.00000000       0.00000000       0.00000000       0.00000000       0.00000000       0.00000000       0.00000000       0.00000000       0.00000000       0.00000000       0.00000000       0.00000000       0.00000000       0.00000000       0.00000000      
  0.02100000       4.12462638E-03   2609.11410239    -2.52315490      0.26844418       3.90292592       0.00000000       0.00000000       0.00000000       0.00000000       0.00000000       0.00000000       0.00000000       0.00000000       0.00000000       0.00000000       0.00000000       0.00000000       0.00000000       0.00000000       0.00000000       0.00000000       0.00000000       0.00000000       0.00000000       0.00000000       0.00000000       0.00000000       0.00000000       0.00000000       0.00000000       0.00000000       0.00000000       0.00000000       0.00000000      
  0.02100000       5.22334507E-03   2606.44187130    -2.53298242      0.26597812       3.91094222       0.00000000       0.00000000       0.00000000       0.00000000       0.00000000       0.00000000       0.00000000       0.00000000       0.00000000       0.00000000       0.00000000       0.00000000       0.00000000       0.00000000       0.00000000       0.00000000       0.00000000       0.00000000       0.00000000       0.00000000       0.00000000       0.00000000       0.00000000       0.00000000       0.00000000       0.00000000       0.00000000       0.00000000       0.00000000      
  0.02100000       6.61474064E-03   2602.82605852    -2.54513506      0.26300865       3.92069381       0.00000000       0.00000000       0.00000000       0.00000000       0.00000000       0.00000000       0.00000000       0.00000000       0.00000000       0.00000000       0.00000000       0.00000000       0.00000000       0.00000000       0.00000000       0.00000000       0.00000000       0.00000000       0.00000000       0.00000000       0.00000000       0.00000000       0.00000000       0.00000000       0.00000000       0.00000000       0.00000000       0.00000000       0.00000000      
  0.02100000       8.37677640E-03   2596.47662382    -2.56382733      0.25866464       3.93515985       0.00000000       0.00000000       0.00000000       0.00000000       0.00000000       0.00000000       0.00000000       0.00000000       0.00000000       0.00000000       0.00000000       0.00000000       0.00000000       0.00000000       0.00000000       0.00000000       0.00000000       0.00000000       0.00000000       0.00000000       0.00000000       0.00000000       0.00000000       0.00000000       0.00000000       0.00000000       0.00000000       0.00000000       0.00000000      
  0.02100000       1.06081836E-02   2583.47352523    -2.59814624      0.25115565       3.96074794       0.00000000       0.00000000       0.00000000       0.00000000       0.00000000       0.00000000       0.00000000       0.00000000       0.00000000       0.00000000       0.00000000       0.00000000       0.00000000       0.00000000       0.00000000       0.00000000       0.00000000       0.00000000       0.00000000       0.00000000       0.00000000       0.00000000       0.00000000       0.00000000       0.00000000       0.00000000       0.00000000       0.00000000       0.00000000      
  0.02100000       1.34339933E-02   2555.72305817    -2.67052123      0.23612470       4.01435087       0.00000000       0.00000000       0.00000000       0.00000000       0.00000000       0.00000000       0.00000000       0.00000000       0.00000000       0.00000000       0.00000000       0.00000000       0.00000000       0.00000000       0.00000000       0.00000000       0.00000000       0.00000000       0.00000000       0.00000000       0.00000000       0.00000000       0.00000000       0.00000000       0.00000000       0.00000000       0.00000000       0.00000000       0.00000000      
  0.02100000       1.70125428E-02   2475.66605705    -2.85166850      0.20426986       4.14022678       0.00000000       0.00000000       0.00000000       0.00000000       0.00000000       0.00000000       0.00000000       0.00000000       0.00000000       0.00000000       0.00000000       0.00000000       0.00000000       0.00000000       0.00000000       0.00000000       0.00000000       0.00000000       0.00000000       0.00000000       0.00000000       0.00000000       0.00000000       0.00000000       0.00000000       0.00000000       0.00000000       0.00000000       0.00000000      
  0.02100000       2.15443469E-02   2363.06495092    -3.05255919      0.17790829       4.26024278       0.00000000       0.00000000       0.00000000       0.00000000       0.00000000       0.00000000       0.00000000       0.00000000       0.00000000       0.00000000       0.00000000       0.00000000       0.00000000       0.00000000       0.00000000       0.00000000       0.00000000       0.00000000       0.00000000       0.00000000       0.00000000       0.00000000       0.00000000       0.00000000       0.00000000       0.00000000       0.00000000       0.00000000       0.00000000      
  0.02100000       2.72833338E-02   2247.09485986    -3.22850888      0.16067098       4.34876048       0.00000000       0.00000000       0.00000000       0.00000000       0.00000000       0.00000000       0.00000000       0.00000000       0.00000000       0.00000000       0.00000000       0.00000000       0.00000000       0.00000000       0.00000000       0.00000000       0.00000000       0.00000000       0.00000000       0.00000000       0.00000000       0.00000000       0.00000000       0.00000000       0.00000000       0.00000000       0.00000000       0.00000000       0.00000000      
  0.02100000       3.45510729E-02   2120.38727724    -3.39830190      0.14840569       4.41773321       0.00000000       0.00000000       0.00000000       0.00000000       0.00000000       0.00000000       0.00000000       0.00000000       0.00000000       0.00000000       0.00000000       0.00000000       0.00000000       0.00000000       0.00000000       0.00000000       0.00000000       0.00000000       0.00000000       0.00000000       0.00000000       0.00000000       0.00000000       0.00000000       0.00000000       0.00000000       0.00000000       0.00000000       0.00000000      
  0.02100000       4.37547938E-02   1995.62672689    -3.55977106      0.13911807       4.47386805       0.00000000       0.00000000       0.00000000       0.00000000       0.00000000       0.00000000       0.00000000       0.00000000       0.00000000       0.00000000       0.00000000       0.00000000       0.00000000       0.00000000       0.00000000       0.00000000       0.00000000       0.00000000       0.00000000       0.00000000       0.00000000       0.00000000       0.00000000       0.00000000       0.00000000       0.00000000       0.00000000       0.00000000       0.00000000      
  0.02100000       5.54102033E-02   1864.65659793    -3.72424738      0.13185837       4.52042010       0.00000000       0.00000000       0.00000000       0.00000000       0.00000000       0.00000000       0.00000000       0.00000000       0.00000000       0.00000000       0.00000000       0.00000000       0.00000000       0.00000000       0.00000000       0.00000000       0.00000000       0.00000000       0.00000000       0.00000000       0.00000000       0.00000000       0.00000000       0.00000000       0.00000000       0.00000000       0.00000000       0.00000000       0.00000000      
  0.02100000       7.01703829E-02   1738.80982932    -3.88491145      0.12603051       4.55968351       10.93985175      11.07671363      14.54998870      11.89599745      11.28346895      12.61377057      10.02198682      11.58399374      10.40593859      11.94789724      10.54903375      10.95417482      11.17030976      10.88714336      11.03695210      11.73695949      18.57993178      12.06014696      10.18780113      9.89979272       10.76795857      13.06876241      12.10741219      12.45852561      10.88345024      11.36521012      10.92566550      10.32679894      12.05255565     
  0.02100000       8.88623816E-02   1610.13192558    -4.05156004      0.12132012       4.59276923       11.35855757      11.44783806      14.98837221      12.33813530      11.65632361      13.00501807      10.32145115      11.99693617      10.72626478      12.43442974      10.91393286      11.54799622      11.59073701      11.25548091      11.41952238      12.20421316      19.65650733      12.54681862      10.61417627      10.19517814      11.38272808      13.60931808      12.50957667      12.98539037      11.23780633      11.80008766      11.30093247      10.74193573      12.48004659     
  0.02100000       1.12533558E-01   1497.00412399    -4.20561043      0.11753834       4.62027559       11.79863983      11.83443065      15.39895038      12.74673322      12.03075996      13.34218596      10.61291995      12.38841053      11.02730608      12.89996888      11.23450077      12.24509407      12.00917409      11.58583800      11.76596701      12.65274135      20.75737336      12.99680349      11.11119207      10.48296591      12.07680221      14.08556007      12.88565450      13.45669407      11.55688963      12.22638595      11.64118548      11.19731959      12.88130147     
  0.02100000       1.42510267E-01   1395.10542876    -4.35163818      0.11439278       4.64383722       12.24915482      12.27351072      15.79048425      13.14476850      12.43798556      13.62289963      10.91443857      12.76636478      11.32690123      13.37130358      11.52863427      12.95224321      12.44151504      11.89571088      12.09343701      13.10581820      21.77207136      13.44751001      11.63936642      10.76916472      12.75614986      14.53907047      13.27134262      13.91110339      11.85475119      12.66124009      11.96411051      11.66989494      13.27196587     
  0.02100000       1.80472177E-01   1299.41979832    -4.49599596      0.11166872       4.66477131       12.70495785      12.80552372      16.20185672      13.54676364      12.90921955      13.88731848      11.23510873      13.14082463      11.63246891      13.85923308      11.80656279      13.62204972      12.86962719      12.18338299      12.40116593      13.55849530      22.59947891      13.92272126      12.16455738      11.06481468      13.38915021      15.00903082      13.70089331      14.36793133      12.13263895      13.09027448      12.26774307      12.14897371      13.66889918     
  0.02100000       2.28546386E-01   1218.83994468    -4.62624679      0.10924601       4.68382259       13.08817118      13.34890452      16.60468204      13.92418702      13.37046653      14.14658329      11.51909902      13.48089929      11.90486789      14.31495433      12.05933358      14.15875484      13.24566552      12.44502146      12.68468084      13.96497479      23.25778702      14.37674972      12.57584219      11.32664049      13.89389773      15.47664416      14.12390748      14.80586577      12.38458851      13.46773936      12.54791975      12.53791049      14.03684107     
  0.02100000       2.89426612E-01   1129.00397395    -4.77632007      0.10712213       4.70087513       13.49988340      13.98572795      17.09215372      14.36014704      13.89339527      14.46902516      11.82666034      13.86511512      12.20006619      14.84451901      12.33616162      14.70127005      13.66541491      12.73180063      12.99933229      14.42446534      23.96947269      14.90632044      13.00414276      11.61163577      14.41927443      16.02464036      14.60683695      15.32175727      12.65928308      13.88955740      12.86014152      12.94553599      14.45974589     
  0.02100000       3.66524124E-01   1047.51046879    -4.92125886      0.10531452       4.71565772       13.86960564      14.55999108      17.54988319      14.77998556      14.34857602      14.80490637      12.10020740      14.23389740      12.46309023      15.35002441      12.58805835      15.25552614      14.04880939      12.98834838      13.28410687      14.84913959      24.55111805      15.41190619      13.38231694      11.86788292      14.92315911      16.55349393      15.03990157      15.82434726      12.90486225      14.27530712      13.14345055      13.30186099      14.85775322     
  0.02100000       4.64158883E-01   972.99863333     -5.06269502      0.10371933       4.72891448       14.23279079      15.12671915      17.99789611      15.20474138      14.78260572      15.14847628      12.36531965      14.60732630      12.71515380      15.86558420      12.82441553      15.82444131      14.45004431      13.23317398      13.55559403      15.28590636      25.07564454      15.92906317      13.75551416      12.11986636      15.43239169      17.07472027      15.45460218      16.34049502      13.13873300      14.67643131      13.41678673      13.65056592      15.25558535     
  0.02100000       5.87801607E-01   903.94684300     -5.20251028      0.10230129       4.74087154       14.59857445      15.70245332      18.44168431      15.64937050      15.19999426      15.51040178      12.62955798      14.99674600      12.96238055      16.40469599      13.04788275      16.36012047      14.86379953      13.46575597      13.81746605      15.73741598      25.56803371      16.47732379      14.12899544      12.37640706      15.92425841      17.61775001      15.86152492      16.89098884      13.36123522      15.08991488      13.68087484      13.99811741      15.66305044     
  0.02100000       7.44380301E-01   840.57192115     -5.33952693      0.10104648       4.75159151       14.95545534      16.26382772      18.89063345      16.09391486      15.59752074      15.88516152      12.88643590      15.38655288      13.19722425      16.94905541      13.25638944      16.91269905      15.29075026      13.67760353      14.05710107      16.19785707      25.98833951      17.03786756      14.49133697      12.62285588      16.42099111      18.15467976      16.25418971      17.45497092      13.56582283      15.51555456      13.92588182      14.33699244      16.07306642     
  0.02100000       9.42668455E-01   779.22841026     -5.48091052      0.09991670       4.76135739       15.31463687      16.84946062      19.36585594      16.56331261      16.00122934      16.28213829      13.13854039      15.80320233      13.41497970      17.52056630      13.43280711      17.50953480      15.77997336      13.84678630      14.24217971      16.71613403      26.39963423      17.65111471      14.85670926      12.88090169      16.93980640      18.71830364      16.65964628      18.08172760      13.73790478      16.00318957      14.11683555      14.67662988      16.50576263     
  0.02100000       1.19377664E+00   718.18924055     -5.63148145      0.09890066       4.77023520       15.70810892      17.51422691      19.89242022      17.09060121      16.43711656      16.71711463      13.41063347      16.27567552      13.64213125      18.16509828      13.60441387      18.19817526      16.35831748      14.00447540      14.41191537      17.32216601      26.82980771      18.36299468      15.26144116      13.16727614      17.52496883      19.34820710      17.10387164      18.81099754      13.90840680      16.57907116      14.29298529      15.04884735      16.98351656     
  0.02100000       1.51177507E+00   667.89828607     -5.76557138      0.09799894       4.77819081       16.06469291      18.15611306      20.38896448      17.57702557      16.85031714      17.13181210      13.65742718      16.71744583      13.84043685      18.76104130      13.76140716      18.87461520      16.93984973      14.11622294      14.52982238      17.92072503      27.18504146      19.04244261      15.63105560      13.43151164      18.07451625      19.94151779      17.53027640      19.50682713      14.04878233      17.15764275      14.42491125      15.38818449      17.43671362     
  0.02100000       1.91448198E+00   624.14995253     -5.89064963      0.09716850       4.78558252       16.40582841      18.77950829      20.86107509      18.06012590      17.25723776      17.53908395      13.88527468      17.16198358      14.01384209      19.34963970      13.89478507      19.56070142      17.54590307      14.18883130      14.59275515      18.53880341      27.48214013      19.71865211      15.98926660      13.69215171      18.61189819      20.52279854      17.95450791      20.21163207      14.15984423      17.76104816      14.49618963      15.71352606      17.88221891     
  0.02100000       2.42446202E+00   581.05117630     -6.02186656      0.09639694       4.79250702       16.76761246      19.46851348      21.35513448      18.58723926      17.71716882      17.99185471      14.13123173      17.65405951      14.19971474      19.98762325      14.05252461      20.30636858      18.23973286      14.28720049      14.66257291      19.24246215      27.77622355      20.46168272      16.37372619      13.98284881      19.17899356      21.15881764      18.43598350      20.99354499      14.28294214      18.45309540      14.57264330      16.06024079      18.37561697     
  0.02100000       3.07029063E+00   540.57054195     -6.15374738      0.09568697       4.79892793       17.14423488      20.21488666      21.87599693      19.13774249      18.22416830      18.49021385      14.39703335      18.17410417      14.40016091      20.65591214      14.22519669      21.09424009      18.99673180      14.39335085      14.73299439      20.00560036      28.08015485      21.25325851      16.77518065      14.28535865      19.75688368      21.84570229      18.96810178      21.83180112      14.41595290      19.21011095      14.65498185      16.42301422      18.91288860     
  0.02100000       3.88815518E+00   506.40033700     -6.27326715      0.09501852       4.80501704       17.48484331      20.90020002      22.33631149      19.64615524      18.71312565      18.97751457      14.64442530      18.66001215      14.58838101      21.26296417      14.41044831      21.83469815      19.73080082      14.49709612      14.80217110      20.74002390      28.32089922      21.98164379      17.14042581      14.56086568      20.27086720      22.48375696      19.48004371      22.61803412      14.55514504      19.94309686      14.75669284      16.75349539      19.42854324     
  0.02100000       4.92388263E+00   473.47008405     -6.39583822      0.09438989       4.81078261       17.87656226      21.66184429      22.77040658      20.24393654      19.25736135      19.52311273      14.86853781      19.23646357      14.75294486      21.96147678      14.54468171      22.69453948      20.58967365      14.60128116      14.85906692      21.60625151      28.57995591      22.81939373      17.57323837      14.83834617      20.85605804      23.21122521      20.05054999      23.54439188      14.70219444      20.79717668      14.83858202      17.13784049      20.00678451     
  0.02100000       6.23550734E+00   442.53231586     -6.51865571      0.09380071       4.81622131       18.23017702      22.46192153      23.21593306      20.80526832      19.83542109      20.16729609      15.16568149      19.78166979      14.98743976      22.61787822      14.80057220      23.46367499      21.43695757      14.75422459      14.98437750      22.43236712      28.74961966      23.59791481      17.95569367      15.15751751      21.36397397      23.94645195      20.65202346      24.41301943      14.88129826      21.64109725      14.96876310      17.48422301      20.64536240     
  0.02100000       7.89652287E+00   414.90080254     -6.63585543      0.09324215       4.82140892       18.64054741      23.35336569      23.68358615      21.46992089      20.46547768      20.90628637      15.46070435      20.43117726      15.21009350      23.36787343      15.03135568      24.34607273      22.41877432      14.91185691      15.09375100      23.39803666      29.03209597      24.49193717      18.41094608      15.50192574      21.95345080      24.78285886      21.30745133      25.42875638      15.07308508      22.61671939      15.09392922      17.88895923      21.36814779     
  0.02100000       1.00000000E+01   392.09621658     -6.73896154      0.09271538       4.82632996       18.99557317      24.12002010      24.02820514      22.05196624      20.98981068      21.52330812      15.70165652      21.00180020      15.39288215      24.00733415      15.21055065      25.13573289      23.27184186      15.05268433      15.19289254      24.23584925      29.15380250      25.24047987      18.80642524      15.80227144      22.46846370      25.48794259      21.85053209      26.30814384      15.24154863      23.46421248      15.21211689      18.24120519      21.96888970     
