# Mass             Age              Teff             Luminosity       Radius           Gravity          NIRCAM-F200W     NIRCAM-F210M     NIRCAM-F187N     NIRCAM-F182M     NIRCAM-F212N    
# M/Msun           Gyr              K                L/Lsun           R/Rsun           log(g[cm/s^2])  
  0.04300000       1.00000000E-03   2898.33923358    -1.74099843      0.53534595       3.61461394       0.00000000       0.00000000       0.00000000       0.00000000       0.00000000      
  0.04300000       1.26638017E-03   2897.15490170    -1.77398208      0.51580768       3.64690761       0.00000000       0.00000000       0.00000000       0.00000000       0.00000000      
  0.04300000       1.60371874E-03   2896.59629657    -1.79013274      0.50649844       3.66272694       0.00000000       0.00000000       0.00000000       0.00000000       0.00000000      
  0.04300000       2.03091762E-03   2896.23596578    -1.80012788      0.50082463       3.67251188       0.00000000       0.00000000       0.00000000       0.00000000       0.00000000      
  0.04300000       2.57191381E-03   2895.81860523    -1.81236138      0.49396769       3.68448583       0.00000000       0.00000000       0.00000000       0.00000000       0.00000000      
  0.04300000       3.25702066E-03   2895.13471149    -1.83160637      0.48337546       3.70331368       0.00000000       0.00000000       0.00000000       0.00000000       0.00000000      
  0.04300000       4.12462638E-03   2893.77976450    -1.86777466      0.46409921       3.73866142       0.00000000       0.00000000       0.00000000       0.00000000       0.00000000      
  0.04300000       5.22334507E-03   2890.00861486    -1.96032505      0.41827508       3.82895874       0.00000000       0.00000000       0.00000000       0.00000000       0.00000000      
  0.04300000       6.61474064E-03   2882.55910037    -2.11385229      0.35233181       3.97797940       0.00000000       0.00000000       0.00000000       0.00000000       0.00000000      
  0.04300000       8.37677640E-03   2866.00786144    -2.24384155      0.30686022       4.09800302       0.00000000       0.00000000       0.00000000       0.00000000       0.00000000      
  0.04300000       1.06081836E-02   2846.98027010    -2.35691009      0.27302621       4.19947595       0.00000000       0.00000000       0.00000000       0.00000000       0.00000000      
  0.04300000       1.34339933E-02   2822.26916068    -2.46238958      0.24605217       4.28983056       0.00000000       0.00000000       0.00000000       0.00000000       0.00000000      
  0.04300000       1.70125428E-02   2803.92697822    -2.55553274      0.22393293       4.37164871       0.00000000       0.00000000       0.00000000       0.00000000       0.00000000      
  0.04300000       2.15443469E-02   2769.29688382    -2.65384642      0.20500807       4.44834346       0.00000000       0.00000000       0.00000000       0.00000000       0.00000000      
  0.04300000       2.72833338E-02   2734.27289735    -2.74736906      0.18882354       4.51977241       0.00000000       0.00000000       0.00000000       0.00000000       0.00000000      
  0.04300000       3.45510729E-02   2691.87274066    -2.84197588      0.17471392       4.58723006       0.00000000       0.00000000       0.00000000       0.00000000       0.00000000      
  0.04300000       4.37547938E-02   2639.63101377    -2.93964408      0.16237649       4.65083726       0.00000000       0.00000000       0.00000000       0.00000000       0.00000000      
  0.04300000       5.54102033E-02   2580.69126899    -3.03880866      0.15154934       4.71077585       0.00000000       0.00000000       0.00000000       0.00000000       0.00000000      
  0.04300000       7.01703829E-02   2512.65326150    -3.14146088      0.14204685       4.76702113       0.00000000       0.00000000       0.00000000       0.00000000       0.00000000      
  0.04300000       8.88623816E-02   2435.33637275    -3.24912004      0.13358036       4.82039854       0.00000000       0.00000000       0.00000000       0.00000000       0.00000000      
  0.04300000       1.12533558E-01   2347.04248832    -3.36273460      0.12618860       4.86984453       0.00000000       0.00000000       0.00000000       0.00000000       0.00000000      
  0.04300000       1.42510267E-01   2240.86059689    -3.48838132      0.11978725       4.91506243       0.00000000       0.00000000       0.00000000       0.00000000       0.00000000      
  0.04300000       1.80472177E-01   2133.05884409    -3.61439731      0.11434540       4.95544730       0.00000000       0.00000000       0.00000000       0.00000000       0.00000000      
  0.04300000       2.28546386E-01   2018.42101883    -3.74665470      0.10966869       4.99171886       0.00000000       0.00000000       0.00000000       0.00000000       0.00000000      
  0.04300000       2.89426612E-01   1900.90956262    -3.88318842      0.10565693       5.02408693       0.00000000       0.00000000       0.00000000       0.00000000       0.00000000      
  0.04300000       3.66524124E-01   1780.70353288    -4.02539130      0.10222482       5.05277114       12.06556555      11.75765923      12.75196507      12.47611276      11.56017648     
  0.04300000       4.64158883E-01   1665.48189930    -4.16671794      0.09931027       5.07789542       12.45892901      12.13272073      13.16797009      12.88114647      11.93066871     
  0.04300000       5.87801607E-01   1555.92222540    -4.30728698      0.09678475       5.10026905       12.87366134      12.52926551      13.59734433      13.30325621      12.32549276     
  0.04300000       7.44380301E-01   1457.48114247    -4.44090787      0.09457447       5.12033559       13.28194397      12.91714074      14.02784339      13.72849863      12.71239272     
  0.04300000       9.42668455E-01   1361.41444588    -4.57769396      0.09259861       5.13867428       13.70705317      13.31439165      14.50092376      14.19660304      13.10687993     
  0.04300000       1.19377664E+00   1267.69130851    -4.71777505      0.09088787       5.15487128       14.13897513      13.71318610      15.00343393      14.69367673      13.50143913     
  0.04300000       1.51177507E+00   1181.21633241    -4.85560492      0.08932399       5.16994664       14.56562650      14.10750862      15.51193911      15.19231188      13.89305678     
  0.04300000       1.91448198E+00   1083.64814684    -5.01824834      0.08800812       5.18283722       15.05397287      14.55897357      16.10609318      15.77369846      14.34255015     
  0.04300000       2.42446202E+00   1010.00484427    -5.15205299      0.08684510       5.19439214       15.46279145      14.93971821      16.60840386      16.26291188      14.72285523     
  0.04300000       3.07029063E+00   932.83117810     -5.30074788      0.08579105       5.20499870       15.96441138      15.41212858      17.22086568      16.85508842      15.19580453     
  0.04300000       3.88815518E+00   863.21954758     -5.44471747      0.08488453       5.21422555       16.46845747      15.88884602      17.83981366      17.45713045      15.67304252     
  0.04300000       4.92388263E+00   806.88483220     -5.57013846      0.08408832       5.22241130       16.95569813      16.35787465      18.41656084      18.01231021      16.14249160     
  0.04300000       6.23550734E+00   760.70157030     -5.68007072      0.08336026       5.22996457       17.42181351      16.81144973      18.95238038      18.52371856      16.59690344     
  0.04300000       7.89652287E+00   718.49631901     -5.78633872      0.08267972       5.23708467       17.89858851      17.27671886      19.50110263      19.04684071      17.06396668     
  0.04300000       1.00000000E+01   681.78300306     -5.88429618      0.08203293       5.24390624       18.35384287      17.72287191      20.01949025      19.54037877      17.51116648     
