# Mass             Age              Teff             Luminosity       Radius           Gravity          NIRCAM-F200W     NIRCAM-F210M     NIRCAM-F187N     NIRCAM-F182M     NIRCAM-F212N    
# M/Msun           Gyr              K                L/Lsun           R/Rsun           log(g[cm/s^2])  
  0.04100000       1.00000000E-03   2883.28227158    -1.77532952      0.51998359       3.61922094       6.49749420       6.42398221       6.62811626       6.59558677       6.39265414      
  0.04100000       1.26638017E-03   2881.93609399    -1.81254852      0.49862908       3.65564378       6.59064777       6.51687313       6.72162156       6.68907765       6.48530604      
  0.04100000       1.60371874E-03   2881.23488286    -1.83139029      0.48817360       3.67404968       6.63772930       6.56381680       6.76890456       6.73633436       6.53212155      
  0.04100000       2.03091762E-03   2880.81006626    -1.84167693      0.48256633       3.68408470       6.66344605       6.58945432       6.79474209       6.76215170       6.55768561      
  0.04100000       2.57191381E-03   2880.30658568    -1.85298883      0.47648364       3.69510232       6.69172666       6.61764450       6.82316455       6.79054713       6.58579207      
  0.04100000       3.25702066E-03   2879.58171085    -1.87015276      0.46739801       3.71182447       6.73458708       6.66036904       6.86624466       6.83357864       6.62838835      
  0.04100000       4.12462638E-03   2878.21338214    -1.90093812      0.45155591       3.74177539       6.81141250       6.73694182       6.94349900       6.91072032       6.70471990      
  0.04100000       5.22334507E-03   2874.90964769    -1.97361757      0.41625617       3.81247691       6.99270543       6.91761267       7.12594681       7.09277947       6.88477567      
  0.04100000       6.61474064E-03   2866.44780507    -2.12677071      0.35103166       3.96050682       7.37369711       7.29709423       7.51016294       7.47559595       7.26270557      
  0.04100000       8.37677640E-03   2849.84147335    -2.26259346      0.30373070       4.08622236       7.70924021       7.63049333       7.85061236       7.81381874       7.59405425      
  0.04100000       1.06081836E-02   2827.85967860    -2.38092175      0.26918702       4.19109033       7.99953290       7.91820640       8.14699197       8.10738259       7.87935725      
  0.04100000       1.34339933E-02   2804.23188331    -2.48729967      0.24218545       4.28290250       8.25951066       8.17538614       8.41371303       8.37091056       8.13392071      
  0.04100000       1.70125428E-02   2779.81991762    -2.58554269      0.22009957       4.36596062       8.49910692       8.41197685       8.66073498       8.61431397       8.36767851      
  0.04100000       2.15443469E-02   2742.72818945    -2.68573012      0.20146460       4.44280251       8.74105442       8.64931427       8.91411734       8.86217902       8.60079795      
  0.04100000       2.72833338E-02   2706.60013725    -2.78023345      0.18555030       4.51427490       8.96964590       8.87284536       9.15525483       9.09720017       8.81971522      
  0.04100000       3.45510729E-02   2658.39790852    -2.87860774      0.17174583       4.58142738       9.20590122       9.10197864       9.40898182       9.34259055       9.04251461      
  0.04100000       4.37547938E-02   2603.59597677    -2.97773103      0.15973882       4.64437940       9.44375083       9.33076912       9.66882152       9.59207521       9.26338385      
  0.04100000       5.54102033E-02   2539.31430249    -3.08012386      0.14925566       4.70333900       9.69012428       9.56477241       9.94477453       9.85435543       9.48682571      
  0.04100000       7.01703829E-02   2467.08377265    -3.18569113      0.14002875       4.75876543       9.94435521       9.80351202       10.23598951      10.12874758      9.71285081      
  0.04100000       8.88623816E-02   2385.34181752    -3.29638790      0.13186562       4.81093729       10.21240323      10.05210901      10.54998737      10.42239652      9.94637968      
  0.04100000       1.12533558E-01   2289.05289360    -3.41580343      0.12480197       4.85875740       10.50298010      10.31886145      10.89656031      10.74506662      10.19603403     
  0.04100000       1.42510267E-01   2178.70152489    -3.54480987      0.11874993       4.90193332       10.81734630      10.60728967      11.27129206      11.09497595      10.46696196     
  0.04100000       1.80472177E-01   2070.54978870    -3.67190601      0.11358184       4.94058133       11.13271336      10.89839055      11.64093366      11.44270236      10.74203092     
  0.04100000       2.28546386E-01   1953.94500062    -3.80700884      0.10916855       4.97500465       11.47325353      11.21366373      12.03460922      11.81489680      11.04067523     
  0.04100000       2.89426612E-01   1835.73857146    -3.94622972      0.10536152       5.00583427       11.83163393      11.55002852      12.42795974      12.19395495      11.36289082     
  0.04100000       3.66524124E-01   1716.83467334    -4.08960619      0.10213442       5.03285486       12.21510589      11.91277092      12.83047608      12.58882943      11.71345909     
  0.04100000       4.64158883E-01   1605.17849255    -4.23024242      0.09937097       5.05667913       12.61142738      12.28719187      13.23900487      12.99488195      12.07600878     
  0.04100000       5.87801607E-01   1498.73613445    -4.37069876      0.09696690       5.07795185       13.02036418      12.67060537      13.67049134      13.42718866      12.45044381     
  0.04100000       7.44380301E-01   1410.07287388    -4.49603743      0.09482550       5.09734851       13.38316181      13.00477974      14.07822118      13.83467524      12.77776943     
  0.04100000       9.42668455E-01   1304.22607318    -4.64891615      0.09295366       5.11466562       13.84837329      13.42580098      14.64339337      14.39092552      13.19309745     
  0.04100000       1.19377664E+00   1226.96430342    -4.77073997      0.09128564       5.13039349       14.23892711      13.77553875      15.14596026      14.87936760      13.53733107     
  0.04100000       1.51177507E+00   1125.27250452    -4.93528592      0.08979901       5.14465511       14.74857553      14.24054752      15.79205304      15.50982805      13.99396442     
  0.04100000       1.91448198E+00   1044.27607560    -5.07715203      0.08855683       5.15675394       15.21804500      14.67614619      16.37105164      16.08068078      14.42132257     
  0.04100000       2.42446202E+00   970.76549952     -5.21509816      0.08742773       5.16789971       15.70161846      15.13356314      16.93454576      16.64585341      14.86131468     
  0.04100000       3.07029063E+00   893.89893627     -5.36848999      0.08641810       5.17798865       16.25861690      15.66989522      17.54592059      17.26753491      15.36962348     
  0.04100000       3.88815518E+00   830.12086400     -5.50590905      0.08554342       5.18682490       16.78430328      16.17940300      18.10783740      17.84076240      15.84571033     
  0.04100000       4.92388263E+00   776.67701956     -5.62941511      0.08476758       5.19473852       17.27376475      16.65569536      18.62405407      18.36567910      16.28531253     
  0.04100000       6.23550734E+00   729.81844349     -5.74485899      0.08405551       5.20206571       17.74599507      17.11746953      19.12203553      18.86220852      16.71221445     
  0.04100000       7.89652287E+00   688.69965247     -5.85237019      0.08340130       5.20885249       18.20052908      17.56269266      19.60621139      19.33689482      17.12750737     
  0.04100000       1.00000000E+01   653.74053450     -5.94944545      0.08277491       5.21540064       18.65358671      18.00869822      20.09083576      19.80156883      17.55342320     
