# Mass             Age              Teff             Luminosity       Radius           Gravity          NIRISS-F277W     NIRISS-F200W     NIRISS-F115W     NIRISS-F140M     NIRISS-F480M     NIRISS-F158M     NIRISS-F090W     NIRISS-F356W     NIRISS-F380M     NIRISS-F150W     NIRISS-F444W     NIRISS-F430M    
# M/Msun           Gyr              K                L/Lsun           R/Rsun           log(g[cm/s^2])  
  0.00400000       1.00000000E-03   1692.58907953    -3.54117917      0.19757568       3.44900878       10.88066326      10.78580891      11.82666691      12.35720401      9.82926544       10.89985536      13.84569252      9.36744410       8.93950496       11.50267921      9.44164818       9.67927879      
  0.00400000       1.26638017E-03   1631.79667616    -3.64470778      0.18868392       3.48900645       11.16895066      11.05523758      12.09871684      12.69388377      10.09064331      11.13082503      14.11091070      9.57948194       9.11738510       11.75992122      9.66948144       9.95356922      
  0.00400000       1.60371874E-03   1561.66838931    -3.75892351      0.18063126       3.52689069       11.48011201      11.35495143      12.39407934      13.06234458      10.36795526      11.38045269      14.39697603      9.82551865       9.30856696       12.03578223      9.91524268       10.25585602     
  0.00400000       2.03091762E-03   1486.33402369    -3.87981813      0.17349461       3.56190260       11.80788282      11.68023564      12.69287264      13.44360865      10.65385320      11.64384601      14.69452881      10.11587712      9.51793370       12.32187473      10.17477306      10.57172843     
  0.00400000       2.57191381E-03   1410.60594087    -4.00288409      0.16717588       3.59412708       12.14494787      12.02616085      12.97179209      13.82191552      10.93863235      11.91802592      15.00086941      10.45131865      9.75321439       12.61158802      10.44362493      10.88846402     
  0.00400000       3.25702066E-03   1334.80637166    -4.12836913      0.16158946       3.62365034       12.50185296      12.40560141      13.24351745      14.20170366      11.23118829      12.21963601      15.33203825      10.84348251      10.04795728      12.91923769      10.72897452      11.19835162     
  0.00400000       4.12462638E-03   1265.45906544    -4.24818870      0.15661841       3.65079074       12.84299993      12.77454295      13.47670372      14.55670807      11.49746493      12.52248801      15.63737120      11.23540030      10.37836129      13.22006026      11.00502969      11.47840989     
  0.00400000       5.22334507E-03   1197.89061686    -4.36892495      0.15210051       3.67621381       13.18148307      13.14673583      13.69525113      14.91246859      11.75396046      12.85440663      15.94899719      11.63045868      10.74694841      13.54097631      11.28185337      11.74003251     
  0.00400000       6.61474064E-03   1131.55936827    -4.49150690      0.14802280       3.69981890       13.52643387      13.52284927      13.94141774      15.31453841      12.02183962      13.23525506      16.30687716      11.99226142      11.10337381      13.90913322      11.56082583      12.00793862     
  0.00400000       8.37677640E-03   1067.61786395    -4.61435112      0.14435229       3.72162869       13.87533132      13.89723048      14.20202150      15.73033609      12.28229315      13.63505894      16.68056406      12.34150731      11.46115937      14.29556835      11.83321705      12.26771400     
  0.00400000       1.06081836E-02   1005.91822821    -4.73801280      0.14102619       3.74187621       14.22044737      14.26050276      14.47148366      16.13710047      12.52982211      14.03286012      17.05486361      12.69272515      11.81960620      14.67916897      12.09575787      12.51259966     
  0.00400000       1.34339933E-02   946.96762981     -4.86170624      0.13800856       3.76066286       14.58998698      14.64314034      14.75658145      16.58238314      12.79218653      14.42291027      17.44158458      13.02681393      12.14585967      15.06521864      12.36011937      12.77800867     
  0.00400000       1.70125428E-02   888.14116296     -4.99048539      0.13527784       3.77802144       14.98178021      15.04991275      15.07070507      17.06307972      13.06389133      14.81387644      17.84578687      13.36708094      12.48530343      15.45793795      12.63165236      13.05365319     
  0.00400000       2.15443469E-02   832.74739407     -5.11838451      0.13280811       3.79402603       15.36021495      15.46004840      15.39912776      17.54944643      13.32214229      15.17537358      18.24356740      13.68636598      12.81789858      15.82741745      12.89080811      13.31665854     
  0.00400000       2.72833338E-02   779.72054908     -5.24734081      0.13058147       3.80871169       15.74290344      15.88968760      15.74567633      18.06704154      13.56753946      15.54280571      18.65648225      14.01315685      13.15968256      16.20595466      13.14673503      13.56723109     
  0.00400000       3.45510729E-02   729.61969568     -5.37634004      0.12855030       3.82232857       16.14364097      16.34621253      16.10489973      18.61962231      13.79394649      15.91862793      19.09373711      14.34310203      13.50064628      16.59413924      13.39859741      13.80596179     
  0.00400000       4.37547938E-02   680.09427064     -5.51098665      0.12670848       3.83486341       16.58024780      16.85166449      16.48878092      19.22717947      14.01281557      16.31793595      19.57625535      14.68768512      13.85420488      17.00690797      13.65614119      14.03312988     
  0.00400000       5.54102033E-02   632.19649688     -5.64928946      0.12505070       3.84630230       17.05184653      17.42097858      16.91162351      19.90601564      14.22486091      16.76270484      20.12781661      15.05524040      14.23269677      17.46535588      13.92075699      14.25159808     
  0.00400000       7.01703829E-02   589.90834173     -5.77994787      0.12356314       3.85669659       17.53247812      18.03075569      17.34256243      20.58828746      14.38618644      17.21881937      20.69695890      15.41166349      14.60383484      17.93299535      14.14664081      14.41957193     
  0.00400000       8.88623816E-02   555.92552344     -5.89293719      0.12215905       3.86662323       17.96852166      18.59390561      17.73532527      21.21373498      14.51450831      17.63620371      21.22974379      15.73443610      14.94423454      18.35929306      14.34220215      14.55056816     
  0.00400000       1.12533558E-01   521.13079995     -6.01469243      0.12083341       3.87610020       18.44624624      19.22959648      18.17593155      21.89300720      14.62232413      18.09596373      21.80437135      16.07506065      15.30646798      18.82700226      14.53736579      14.67641293     
  0.00400000       1.42510267E-01   487.85574761     -6.13821061      0.11960196       3.88499788       18.97541016      19.96232375      18.69300170      22.64651921      14.69605324      18.61743511      22.41386697      16.43871817      15.70022428      19.35517034      14.71627620      14.78675993     
  0.00400000       1.80472177E-01   456.54044141     -6.26189043      0.11844748       3.89342264       19.54764339      20.78540388      19.27887950      23.46433335      14.79155684      19.18716626      23.05490356      16.82933566      16.12129690      19.93066411      14.90397580      14.90245083     
  0.00400000       2.28546386E-01   429.08191090     -6.37765353      0.11736241       3.90141635       20.10375072      21.60794216      19.89501944      24.26550105      14.87142450      19.76263911      23.63213335      17.20126999      16.52238646      20.51020086      15.07330034      15.02659112     
  0.00400000       2.89426612E-01   402.72699217     -6.49540928      0.11633253       3.90907200       20.76705928      22.57983023      20.62783496      25.19535055      14.96744677      20.44908578      24.24057638      17.61213158      16.98062723      21.19939623      15.23114817      15.13502323     
  0.00400000       3.66524124E-01   381.45645781     -6.59712785      0.11534032       3.91651201       21.36485892      23.46692052      21.28516383      26.00803135      15.10131643      21.06136522      24.70634517      17.98056268      17.38068913      21.81322264      15.41564521      15.31193378     
  0.00400000       4.64158883E-01   359.94001714     -6.70528759      0.11437074       3.92384441       22.08059591      24.48813549      22.07137116      26.95020015      15.21925572      21.78654962      25.20387625      18.38584580      17.83623787      22.53919557      15.57488907      15.44836504     
  0.00400000       5.87801607E-01   343.05347612     -6.79595918      0.11342998       3.93101857       22.68426269      25.37073803      22.76709485      27.72920354      15.40398604      22.39455037      25.61559858      18.73353201      18.22363232      23.14757846      15.75779257      15.62537442     
  0.00400000       7.44380301E-01   329.23843966     -6.87481230      0.11246088       3.93847148       23.27974267      26.20961280      23.45035045      28.45729356      15.53224433      22.98192478      25.98428342      19.06722864      18.59417879      23.73515011      15.90446154      15.76511695     
  0.00400000       9.42668455E-01   314.16655520     -6.96387890      0.11147181       3.94614430       23.89025594      27.07734933      24.15515103      29.15894372      15.72955614      23.56191117      26.34320740      19.40481640      18.97452258      24.31560459      16.07884008      15.93182485     
  0.00400000       1.19377664E+00   298.44610521     -7.06080181      0.11048286       3.95388448       24.64036429      28.21013019      25.09888110      29.99448070      15.98989017      24.29552154      26.82896276      19.83900854      19.47057866      25.05011077      16.30547100      16.12134687     
  0.00400000       1.51177507E+00   284.14787646     -7.15385100      0.10949735       3.96166707       25.41613929      29.34108342      26.05231000      30.71035846      16.22805458      25.03990260      27.26070894      20.27581805      19.96975851      25.79366720      16.51502619      16.30964113     
  0.00400000       1.91448198E+00   268.75312289     -7.25840076      0.10852150       3.96944267       26.28446646      30.53342168      27.09860751      31.34280680      16.48725273      25.87532775      27.68217081      20.75399126      20.51146410      26.63043771      16.76443800      16.56433548     
  0.00400000       2.42446202E+00   252.69575885     -7.37300704      0.10757741       3.97703208       27.20196179      31.72683072      28.28696278      31.93517665      16.78786751      26.81675556      28.13691081      21.30096528      21.13369524      27.58380624      17.06124678      16.87849046     
  0.00400000       3.07029063E+00   241.78845337     -7.45723461      0.10664524       3.98459125       27.82886134      32.49001052      29.21412765      32.34166269      17.03538100      27.53356484      28.50465901      21.73707853      21.63539332      28.32255509      17.30180835      17.12950634     
  0.00400000       3.88815518E+00   230.75672092     -7.54619489      0.10568652       3.99243505       28.46677873      33.20021569      30.27272021      32.73570146      17.32491237      28.34588563      28.93087211      22.24663275      22.22855378      29.17296301      17.58359757      17.42541248     
  0.00400000       4.92388263E+00   218.59551151     -7.64815748      0.10473030       4.00032951       29.17033057      33.92915497      31.53408536      33.15458601      17.67121938      29.31043253      29.43098307      22.86329544      22.95185432      30.19161260      17.92191030      17.78397534     
  0.00400000       6.23550734E+00   205.42121811     -7.76386586      0.10380210       4.00806193       29.92992866      34.68189937      32.95295129      33.60165471      18.05685078      30.39410156      29.96956562      23.56504998      23.77837056      31.33965890      18.30076293      18.19025491     
