# Mass             Age              Teff             Luminosity       Radius           Gravity          NIRISS-F277W     NIRISS-F200W     NIRISS-F115W     NIRISS-F140M     NIRISS-F480M     NIRISS-F158M     NIRISS-F090W     NIRISS-F356W     NIRISS-F380M     NIRISS-F150W     NIRISS-F444W     NIRISS-F430M    
# M/Msun           Gyr              K                L/Lsun           R/Rsun           log(g[cm/s^2])  
  0.01600000       1.00000000E-03   2564.60115021    -2.39532121      0.32190498       3.62708059       0.00000000       0.00000000       0.00000000       0.00000000       0.00000000       0.00000000       0.00000000       0.00000000       0.00000000       0.00000000       0.00000000       0.00000000      
  0.01600000       1.26638017E-03   2548.19768792    -2.46873306      0.29963724       3.68934578       0.00000000       0.00000000       0.00000000       0.00000000       0.00000000       0.00000000       0.00000000       0.00000000       0.00000000       0.00000000       0.00000000       0.00000000      
  0.01600000       1.60371874E-03   2527.63453745    -2.54475171      0.27901162       3.75129219       0.00000000       0.00000000       0.00000000       0.00000000       0.00000000       0.00000000       0.00000000       0.00000000       0.00000000       0.00000000       0.00000000       0.00000000      
  0.01600000       2.03091762E-03   2497.46481856    -2.62686310      0.26001283       3.81254725       0.00000000       0.00000000       0.00000000       0.00000000       0.00000000       0.00000000       0.00000000       0.00000000       0.00000000       0.00000000       0.00000000       0.00000000      
  0.01600000       2.57191381E-03   2467.20787035    -2.70511106      0.24347258       3.86963471       0.00000000       0.00000000       0.00000000       0.00000000       0.00000000       0.00000000       0.00000000       0.00000000       0.00000000       0.00000000       0.00000000       0.00000000      
  0.01600000       3.25702066E-03   2437.26652683    -2.77743287      0.22956323       3.92073233       0.00000000       0.00000000       0.00000000       0.00000000       0.00000000       0.00000000       0.00000000       0.00000000       0.00000000       0.00000000       0.00000000       0.00000000      
  0.01600000       4.12462638E-03   2408.82526943    -2.83907688      0.21891298       3.96199235       0.00000000       0.00000000       0.00000000       0.00000000       0.00000000       0.00000000       0.00000000       0.00000000       0.00000000       0.00000000       0.00000000       0.00000000      
  0.01600000       5.22334507E-03   2386.06971927    -2.88431096      0.21178867       3.99072970       0.00000000       0.00000000       0.00000000       0.00000000       0.00000000       0.00000000       0.00000000       0.00000000       0.00000000       0.00000000       0.00000000       0.00000000      
  0.01600000       6.61474064E-03   2370.26211014    -2.91414101      0.20737811       4.00900914       0.00000000       0.00000000       0.00000000       0.00000000       0.00000000       0.00000000       0.00000000       0.00000000       0.00000000       0.00000000       0.00000000       0.00000000      
  0.01600000       8.37677640E-03   2359.31568574    -2.93429940      0.20450485       4.02112705       0.00000000       0.00000000       0.00000000       0.00000000       0.00000000       0.00000000       0.00000000       0.00000000       0.00000000       0.00000000       0.00000000       0.00000000      
  0.01600000       1.06081836E-02   2349.52052324    -2.95201584      0.20204565       4.03163623       0.00000000       0.00000000       0.00000000       0.00000000       0.00000000       0.00000000       0.00000000       0.00000000       0.00000000       0.00000000       0.00000000       0.00000000      
  0.01600000       1.34339933E-02   2336.90091606    -2.97458357      0.19899912       4.04483310       0.00000000       0.00000000       0.00000000       0.00000000       0.00000000       0.00000000       0.00000000       0.00000000       0.00000000       0.00000000       0.00000000       0.00000000      
  0.01600000       1.70125428E-02   2317.42253449    -3.00869450      0.19456316       4.06441351       0.00000000       0.00000000       0.00000000       0.00000000       0.00000000       0.00000000       0.00000000       0.00000000       0.00000000       0.00000000       0.00000000       0.00000000      
  0.01600000       2.15443469E-02   2284.79715519    -3.06468047      0.18766787       4.09575451       0.00000000       0.00000000       0.00000000       0.00000000       0.00000000       0.00000000       0.00000000       0.00000000       0.00000000       0.00000000       0.00000000       0.00000000      
  0.01600000       2.72833338E-02   2216.11489202    -3.17555008      0.17557670       4.15360211       0.00000000       0.00000000       0.00000000       0.00000000       0.00000000       0.00000000       0.00000000       0.00000000       0.00000000       0.00000000       0.00000000       0.00000000      
  0.01600000       3.45510729E-02   2060.22244179    -3.39119612      0.15848973       4.24253258       0.00000000       0.00000000       0.00000000       0.00000000       0.00000000       0.00000000       0.00000000       0.00000000       0.00000000       0.00000000       0.00000000       0.00000000      
  0.01600000       4.37547938E-02   1864.22873327    -3.65061695      0.14358950       4.32828963       0.00000000       0.00000000       0.00000000       0.00000000       0.00000000       0.00000000       0.00000000       0.00000000       0.00000000       0.00000000       0.00000000       0.00000000      
  0.01600000       5.54102033E-02   1684.58724572    -3.88607506      0.13409157       4.38773135       11.81598412      11.69507333      12.65227170      13.08794917      10.81955669      11.57281014      14.58245079      10.39577772      9.80325179       12.17372339      10.33595407      10.51353469     
  0.01600000       7.01703829E-02   1536.67099277    -4.08836972      0.12766908       4.43036417       12.35165646      12.25607579      13.11680424      13.69852184      11.22936608      12.02776772      15.09831385      10.98795383      10.22144972      12.65606274      10.73272635      10.95709878     
  0.01600000       8.88623816E-02   1395.23886798    -4.28901632      0.12291730       4.46330882       12.92003663      12.86402847      13.51919380      14.35086174      11.62142043      12.55402378      15.61442431      11.61435663      10.78285445      13.19264377      11.15741400      11.40843709     
  0.01600000       1.12533558E-01   1291.35773535    -4.44993626      0.11922549       4.48979656       13.40160520      13.37680614      13.84863709      14.92898140      11.95084247      13.05632686      16.06445393      12.09527012      11.26660211      13.69306968      11.51756448      11.77741892     
  0.01600000       1.42510267E-01   1194.28010379    -4.60852912      0.11613447       4.51261289       13.84305354      13.83225076      14.15290687      15.46844636      12.22203043      13.55645408      16.52492877      12.53507987      11.71230106      14.18217089      11.83603627      12.08426855     
  0.01600000       1.80472177E-01   1101.62509464    -4.76855645      0.11352329       4.53236479       14.33142081      14.32650231      14.50140306      16.07964857      12.52925218      14.08023293      17.03466172      12.94119948      12.11701146      14.70611689      12.16165002      12.41721357     
  0.01600000       2.28546386E-01   1019.43305224    -4.92025088      0.11132466       4.54935190       14.78422457      14.77862506      14.85244953      16.63818116      12.78652787      14.52299937      17.50711842      13.29635288      12.46201328      15.15686459      12.43841999      12.69402437     
  0.01600000       2.89426612E-01   945.21733453     -5.06635268      0.10944565       4.56413765       15.24071698      15.23428401      15.21607680      17.19593875      13.02421690      14.94147971      17.96357117      13.64282284      12.80370092      15.58595281      12.69993337      12.94680842     
  0.01600000       3.66524124E-01   872.66952443     -5.21812960      0.10781286       4.57719349       15.73766779      15.73374975      15.61459765      17.80278320      13.25490846      15.36555364      18.44363295      14.00324057      13.16931003      16.02549737      12.96550346      13.19293139     
  0.01600000       4.64158883E-01   803.71288522     -5.37249324      0.10641388       4.58853808       16.25313571      16.28335989      16.03659879      18.43492038      13.43853317      15.79159706      18.95592906      14.36841960      13.54652556      16.46702193      13.21034795      13.39016425     
  0.01600000       5.87801607E-01   744.47143029     -5.51548952      0.10519499       4.59854449       16.74448033      16.84259039      16.43524733      19.03480858      13.58581456      16.19335290      19.44320731      14.70094434      13.88456355      16.88187021      13.41982188      13.54688726     
  0.01600000       7.44380301E-01   688.77994426     -5.65958633      0.10410816       4.60756483       17.26114517      17.46381733      16.86340139      19.68834204      13.71442668      16.63047477      19.97922740      15.04964700      14.23837658      17.33154429      13.62430442      13.67965696     
  0.01600000       9.42668455E-01   641.21969312     -5.79222551      0.10311020       4.61593099       17.76520806      18.09594975      17.28570899      20.32790664      13.80806448      17.06477092      20.51292845      15.38583915      14.58455932      17.77615565      13.79804983      13.77667541     
  0.01600000       1.19377664E+00   595.72665874     -5.92771521      0.10220627       4.62357922       18.29548122      18.81142734      17.75578610      20.98749834      13.93128358      17.55403588      21.05464903      15.71737532      14.92954863      18.27270979      13.98135991      13.93027415     
  0.01600000       1.51177507E+00   552.08529294     -6.06682657      0.10139115       4.63053415       18.85976263      19.59746076      18.26454628      21.70871233      14.04415281      18.09468512      21.61413878      16.07212235      15.30115472      18.82001393      14.16807289      14.08446998     
  0.01600000       1.91448198E+00   520.36474991     -6.17622928      0.10062369       4.63713379       19.33178584      20.27145125      18.70080175      22.30454253      14.17848815      18.55739030      22.05213923      16.36794422      15.60947601      19.28685253      14.34868233      14.26448478     
  0.01600000       2.42446202E+00   487.41877498     -6.29625457      0.09988275       4.64355327       19.86014137      21.04221784      19.24936867      23.00492879      14.30069924      19.09905918      22.57992542      16.68706889      15.95793886      19.83265346      14.51498052      14.42623906     
  0.01600000       3.07029063E+00   454.19327052     -6.42495797      0.09919021       4.64959660       20.46984340      21.94076841      19.89313787      23.79020065      14.49796891      19.71913976      23.09393633      17.04761531      16.34980648      20.45611300      14.73500721      14.63647466     
  0.01600000       3.88815518E+00   425.72344255     -6.54308934      0.09854246       4.65528741       21.11259181      22.88215898      20.56173826      24.58884867      14.71292766      20.34556783      23.52092386      17.42879576      16.75497971      21.08516114      14.97648444      14.88686090     
  0.01600000       4.92388263E+00   398.59389749     -6.66290261      0.09792799       4.66072050       21.77931378      23.83907461      21.25605842      25.40478670      14.93998704      20.97984875      23.91979154      17.81028754      17.16732426      21.72141816      15.21273027      15.11932193     
  0.01600000       6.23550734E+00   378.22228918     -6.75936827      0.09732757       4.66606248       22.37292671      24.66718626      21.93498385      26.13996091      15.13419880      21.56112594      24.31924431      18.13792503      17.51838730      22.30381185      15.42392884      15.33486032     
  0.01600000       7.89652287E+00   357.01853273     -6.86492180      0.09673297       4.67138520       23.04705849      25.64180867      22.67791239      26.95479706      15.37287243      22.17567971      24.73577749      18.51852389      17.93726598      22.91991306      15.64547794      15.53121199     
  0.01600000       1.00000000E+01   340.20324066     -6.95402056      0.09614831       4.67665093       23.67641441      26.53842461      23.43422957      27.72152502      15.59442271      22.76447167      25.14273888      18.86273773      18.32215443      23.50992661      15.84596374      15.70781242     
