# Mass             Age              Teff             Luminosity       Radius           Gravity          NIRISS-F277W     NIRISS-F200W     NIRISS-F115W     NIRISS-F140M     NIRISS-F480M     NIRISS-F158M     NIRISS-F090W     NIRISS-F356W     NIRISS-F380M     NIRISS-F150W     NIRISS-F444W     NIRISS-F430M    
# M/Msun           Gyr              K                L/Lsun           R/Rsun           log(g[cm/s^2])  
  0.02700000       1.00000000E-03   2755.60303864    -2.05230750      0.41384905       3.63609711       0.00000000       0.00000000       0.00000000       0.00000000       0.00000000       0.00000000       0.00000000       0.00000000       0.00000000       0.00000000       0.00000000       0.00000000      
  0.02700000       1.26638017E-03   2748.82084181    -2.11992105      0.38473441       3.69945646       0.00000000       0.00000000       0.00000000       0.00000000       0.00000000       0.00000000       0.00000000       0.00000000       0.00000000       0.00000000       0.00000000       0.00000000      
  0.02700000       1.60371874E-03   2742.53011100    -2.17720138      0.36185021       3.75272243       0.00000000       0.00000000       0.00000000       0.00000000       0.00000000       0.00000000       0.00000000       0.00000000       0.00000000       0.00000000       0.00000000       0.00000000      
  0.02700000       2.03091762E-03   2738.08799321    -2.21416160      0.34790026       3.78686937       0.00000000       0.00000000       0.00000000       0.00000000       0.00000000       0.00000000       0.00000000       0.00000000       0.00000000       0.00000000       0.00000000       0.00000000      
  0.02700000       2.57191381E-03   2735.78709213    -2.23243385      0.34123076       3.80368200       0.00000000       0.00000000       0.00000000       0.00000000       0.00000000       0.00000000       0.00000000       0.00000000       0.00000000       0.00000000       0.00000000       0.00000000      
  0.02700000       3.25702066E-03   2734.44864935    -2.24251085      0.33762177       3.81291713       0.00000000       0.00000000       0.00000000       0.00000000       0.00000000       0.00000000       0.00000000       0.00000000       0.00000000       0.00000000       0.00000000       0.00000000      
  0.02700000       4.12462638E-03   2733.02621761    -2.25318913      0.33384102       3.82269920       0.00000000       0.00000000       0.00000000       0.00000000       0.00000000       0.00000000       0.00000000       0.00000000       0.00000000       0.00000000       0.00000000       0.00000000      
  0.02700000       5.22334507E-03   2730.84391505    -2.26917213      0.32827713       3.83729738       0.00000000       0.00000000       0.00000000       0.00000000       0.00000000       0.00000000       0.00000000       0.00000000       0.00000000       0.00000000       0.00000000       0.00000000      
  0.02700000       6.61474064E-03   2726.79897318    -2.29683933      0.31893175       3.86238310       0.00000000       0.00000000       0.00000000       0.00000000       0.00000000       0.00000000       0.00000000       0.00000000       0.00000000       0.00000000       0.00000000       0.00000000      
  0.02700000       8.37677640E-03   2715.37700508    -2.35808890      0.29972286       3.91633847       0.00000000       0.00000000       0.00000000       0.00000000       0.00000000       0.00000000       0.00000000       0.00000000       0.00000000       0.00000000       0.00000000       0.00000000      
  0.02700000       1.06081836E-02   2681.84717555    -2.51207028      0.25735241       4.04872470       0.00000000       0.00000000       0.00000000       0.00000000       0.00000000       0.00000000       0.00000000       0.00000000       0.00000000       0.00000000       0.00000000       0.00000000      
  0.02700000       1.34339933E-02   2621.09803799    -2.68198424      0.22155150       4.17883101       0.00000000       0.00000000       0.00000000       0.00000000       0.00000000       0.00000000       0.00000000       0.00000000       0.00000000       0.00000000       0.00000000       0.00000000      
  0.02700000       1.70125428E-02   2560.48613736    -2.82408265      0.19712029       4.28031663       0.00000000       0.00000000       0.00000000       0.00000000       0.00000000       0.00000000       0.00000000       0.00000000       0.00000000       0.00000000       0.00000000       0.00000000      
  0.02700000       2.15443469E-02   2490.34475331    -2.95698905      0.17881565       4.36496913       0.00000000       0.00000000       0.00000000       0.00000000       0.00000000       0.00000000       0.00000000       0.00000000       0.00000000       0.00000000       0.00000000       0.00000000      
  0.02700000       2.72833338E-02   2414.12657181    -3.08394533      0.16441317       4.43790697       0.00000000       0.00000000       0.00000000       0.00000000       0.00000000       0.00000000       0.00000000       0.00000000       0.00000000       0.00000000       0.00000000       0.00000000      
  0.02700000       3.45510729E-02   2329.02373379    -3.21064545      0.15267032       4.50227103       0.00000000       0.00000000       0.00000000       0.00000000       0.00000000       0.00000000       0.00000000       0.00000000       0.00000000       0.00000000       0.00000000       0.00000000      
  0.02700000       4.37547938E-02   2226.63211791    -3.34614036      0.14291013       4.55965409       0.00000000       0.00000000       0.00000000       0.00000000       0.00000000       0.00000000       0.00000000       0.00000000       0.00000000       0.00000000       0.00000000       0.00000000      
  0.02700000       5.54102033E-02   2116.00566229    -3.48500771      0.13486235       4.60999830       0.00000000       0.00000000       0.00000000       0.00000000       0.00000000       0.00000000       0.00000000       0.00000000       0.00000000       0.00000000       0.00000000       0.00000000      
  0.02700000       7.01703829E-02   2003.44722222    -3.62392052      0.12820568       4.65396533       0.00000000       0.00000000       0.00000000       0.00000000       0.00000000       0.00000000       0.00000000       0.00000000       0.00000000       0.00000000       0.00000000       0.00000000      
  0.02700000       8.88623816E-02   1884.67690911    -3.76789395      0.12274557       4.69176752       0.00000000       0.00000000       0.00000000       0.00000000       0.00000000       0.00000000       0.00000000       0.00000000       0.00000000       0.00000000       0.00000000       0.00000000      
  0.02700000       1.12533558E-01   1775.43769280    -3.90523204      0.11808768       4.72537034       11.86343872      11.74851752      12.69547966      12.99432940      10.93347377      11.59530088      14.55635224      10.53264264      9.96043390       12.16238201      10.45261114      10.55627987     
  0.02700000       1.42510267E-01   1651.21515212    -4.06054811      0.11416909       4.75468120       12.26205291      12.16760954      13.06071239      13.46513249      11.23025283      11.93962533      14.98147150      10.97351847      10.25978697      12.53329832      10.73666346      10.86755535     
  0.02700000       1.80472177E-01   1543.86680179    -4.20237613      0.11092552       4.77971619       12.65297318      12.57878035      13.36320385      13.91129762      11.49655816      12.28624086      15.34652741      11.40540543      10.61179113      12.89472463      11.01615162      11.16872760     
  0.02700000       2.28546386E-01   1447.50819049    -4.33663672      0.10811055       4.80204297       13.04048501      12.98531221      13.62831306      14.35998810      11.75630205      12.64699342      15.69768964      11.80934532      10.99216553      13.26397410      11.29795194      11.47034368     
  0.02700000       2.89426612E-01   1349.51439112    -4.47871314      0.10561560       4.82232252       13.46278065      13.43144947      13.90694362      14.87649919      12.02394099      13.08218854      16.09675881      12.22209692      11.40902251      13.70224228      11.59931045      11.77914898     
  0.02700000       3.66524124E-01   1262.71807277    -4.61221376      0.10344455       4.84036347       13.86050229      13.83699694      14.16795731      15.37349678      12.25672996      13.51895748      16.49361376      12.59116035      11.78200427      14.13725563      11.87157585      12.05044477     
  0.02700000       4.64158883E-01   1184.36183127    -4.74029912      0.10146640       4.85713396       14.24184163      14.22051838      14.42971415      15.85490001      12.46523164      13.93630777      16.88673694      12.92013944      12.10948793      14.55422799      12.11551140      12.28820950     
  0.02700000       5.87801607E-01   1085.24260048    -4.90661960      0.09978654       4.87163463       14.75210673      14.73165314      14.81460211      16.50671255      12.72768719      14.45050829      17.41880629      13.30881268      12.48921533      15.07949439      12.41097287      12.57565110     
  0.02700000       7.44380301E-01   1007.77540035    -5.04809809      0.09832332       4.88446498       15.19804694      15.17653324      15.15681081      17.05384875      12.92638427      14.85833129      17.86813898      13.63321773      12.80476497      15.49980794      12.64339132      12.78777862     
  0.02700000       9.42668455E-01   938.47246991     -5.18336536      0.09702935       4.89597207       15.63673487      15.62424568      15.50318532      17.58749396      13.09253732      15.23671215      18.29829703      13.93869101      13.10954356      15.89188974      12.85036481      12.96109787     
  0.02700000       1.19377664E+00   874.45499006     -5.31664059      0.09586120       4.90649244       16.08371803      16.09421884      15.86381504      18.12586981      13.23882172      15.60879556      18.73777130      14.24177421      13.41605871      16.27761569      13.04790930      13.12025686     
  0.02700000       1.51177507E+00   809.90784005     -5.45959365      0.09478829       4.91626868       16.57837607      16.64258402      16.26767187      18.71714150      13.36408648      16.01309641      19.22808442      14.56352516      13.73906046      16.69540911      13.23957005      13.26043369     
  0.02700000       1.91448198E+00   746.99641840     -5.60882105      0.09383764       4.92502380       17.11060782      17.26569185      16.69983658      19.33435261      13.50244953      16.44142980      19.75130832      14.89614081      14.07519302      17.13552046      13.43611951      13.41268801     
  0.02700000       2.42446202E+00   692.39968612     -5.74841673      0.09300424       4.93277248       17.62134751      17.89233065      17.12262284      19.92882543      13.63168421      16.86399747      20.25501606      15.21325867      14.39752706      17.56748161      13.62326106      13.56364775     
  0.02700000       3.07029063E+00   648.98021310     -5.86817565      0.09223127       4.94002159       18.06360885      18.45638225      17.50371372      20.44629496      13.73607053      17.24652748      20.69484714      15.48490229      14.67604366      17.95656046      13.78144747      13.70756952     
  0.02700000       3.88815518E+00   604.55332010     -5.99823435      0.09150508       4.94688756       18.57229778      19.13935262      17.95729210      21.04675601      13.88027762      17.71241166      21.18633073      15.78990795      14.99260961      18.42814828      13.96772892      13.88947486     
  0.02700000       4.92388263E+00   561.56372827     -6.13269132      0.09083846       4.95323848       19.14741777      19.94707567      18.47744913      21.73638012      14.07272907      18.26490578      21.71098071      16.12961945      15.34905321      18.98561892      14.18298374      14.09288756     
  0.02700000       6.23550734E+00   524.88515410     -6.25589766      0.09023102       4.95906622       19.67674201      20.69249814      18.96452440      22.37141575      14.22798191      18.78135951      22.14617587      16.44666424      15.67726651      19.50592323      14.38412564      14.30411943     
  0.02700000       7.89652287E+00   492.47162067     -6.37204986      0.08966810       4.96450210       20.17988271      21.42920952      19.48443874      23.00123242      14.39584262      19.29986516      22.56794964      16.74637837      15.99441393      20.02737868      14.57853312      14.50534059     
  0.02700000       1.00000000E+01   464.43253473     -6.47900797      0.08914179       4.96961529       20.69420992      22.18744723      20.02463781      23.63468188      14.59101495      19.80804535      22.98734324      17.04094617      16.31881860      20.53862569      14.75981187      14.65348037     
