# Mass             Age              Teff             Luminosity       Radius           Gravity          NIRISS-F277W     NIRISS-F200W     NIRISS-F115W     NIRISS-F140M     NIRISS-F480M     NIRISS-F158M     NIRISS-F090W     NIRISS-F356W     NIRISS-F380M     NIRISS-F150W     NIRISS-F444W     NIRISS-F430M    
# M/Msun           Gyr              K                L/Lsun           R/Rsun           log(g[cm/s^2])  
  0.03300000       1.00000000E-03   2818.10050519    -1.92295933      0.45923659       3.63285794       0.00000000       0.00000000       0.00000000       0.00000000       0.00000000       0.00000000       0.00000000       0.00000000       0.00000000       0.00000000       0.00000000       0.00000000      
  0.03300000       1.26638017E-03   2814.76488109    -1.97887094      0.43162652       3.68671345       0.00000000       0.00000000       0.00000000       0.00000000       0.00000000       0.00000000       0.00000000       0.00000000       0.00000000       0.00000000       0.00000000       0.00000000      
  0.03300000       1.60371874E-03   2812.45386164    -2.01527261      0.41458657       3.72169824       0.00000000       0.00000000       0.00000000       0.00000000       0.00000000       0.00000000       0.00000000       0.00000000       0.00000000       0.00000000       0.00000000       0.00000000      
  0.03300000       2.03091762E-03   2811.27281048    -2.03339093      0.40637526       3.73907403       0.00000000       0.00000000       0.00000000       0.00000000       0.00000000       0.00000000       0.00000000       0.00000000       0.00000000       0.00000000       0.00000000       0.00000000      
  0.03300000       2.57191381E-03   2810.55210670    -2.04341222      0.40191798       3.74865352       0.00000000       0.00000000       0.00000000       0.00000000       0.00000000       0.00000000       0.00000000       0.00000000       0.00000000       0.00000000       0.00000000       0.00000000      
  0.03300000       3.25702066E-03   2809.76778412    -2.05446520      0.39706062       3.75921458       0.00000000       0.00000000       0.00000000       0.00000000       0.00000000       0.00000000       0.00000000       0.00000000       0.00000000       0.00000000       0.00000000       0.00000000      
  0.03300000       4.12462638E-03   2808.47876811    -2.07120150      0.38983814       3.77515964       0.00000000       0.00000000       0.00000000       0.00000000       0.00000000       0.00000000       0.00000000       0.00000000       0.00000000       0.00000000       0.00000000       0.00000000      
  0.03300000       5.22334507E-03   2806.09842579    -2.10076355      0.37743365       3.80324742       0.00000000       0.00000000       0.00000000       0.00000000       0.00000000       0.00000000       0.00000000       0.00000000       0.00000000       0.00000000       0.00000000       0.00000000      
  0.03300000       6.61474064E-03   2800.16917568    -2.16830544      0.35066844       3.86713503       0.00000000       0.00000000       0.00000000       0.00000000       0.00000000       0.00000000       0.00000000       0.00000000       0.00000000       0.00000000       0.00000000       0.00000000      
  0.03300000       8.37677640E-03   2779.95547016    -2.32550509      0.29689117       4.01173490       0.00000000       0.00000000       0.00000000       0.00000000       0.00000000       0.00000000       0.00000000       0.00000000       0.00000000       0.00000000       0.00000000       0.00000000      
  0.03300000       1.06081836E-02   2744.02440139    -2.47532644      0.25644277       4.13894783       0.00000000       0.00000000       0.00000000       0.00000000       0.00000000       0.00000000       0.00000000       0.00000000       0.00000000       0.00000000       0.00000000       0.00000000      
  0.03300000       1.34339933E-02   2709.81067150    -2.60037164      0.22770104       4.24220064       0.00000000       0.00000000       0.00000000       0.00000000       0.00000000       0.00000000       0.00000000       0.00000000       0.00000000       0.00000000       0.00000000       0.00000000      
  0.03300000       1.70125428E-02   2665.03321358    -2.71841469      0.20550120       4.33130131       0.00000000       0.00000000       0.00000000       0.00000000       0.00000000       0.00000000       0.00000000       0.00000000       0.00000000       0.00000000       0.00000000       0.00000000      
  0.03300000       2.15443469E-02   2618.23395349    -2.82836290      0.18759634       4.41048078       0.00000000       0.00000000       0.00000000       0.00000000       0.00000000       0.00000000       0.00000000       0.00000000       0.00000000       0.00000000       0.00000000       0.00000000      
  0.03300000       2.72833338E-02   2560.73737249    -2.93863137      0.17273241       4.48218259       0.00000000       0.00000000       0.00000000       0.00000000       0.00000000       0.00000000       0.00000000       0.00000000       0.00000000       0.00000000       0.00000000       0.00000000      
  0.03300000       3.45510729E-02   2494.50972544    -3.04934386      0.16024373       4.54736866       0.00000000       0.00000000       0.00000000       0.00000000       0.00000000       0.00000000       0.00000000       0.00000000       0.00000000       0.00000000       0.00000000       0.00000000      
  0.03300000       4.37547938E-02   2419.90823278    -3.16167914      0.14961697       4.60696888       0.00000000       0.00000000       0.00000000       0.00000000       0.00000000       0.00000000       0.00000000       0.00000000       0.00000000       0.00000000       0.00000000       0.00000000      
  0.03300000       5.54102033E-02   2334.10981516    -3.27986460      0.14036358       4.66241951       0.00000000       0.00000000       0.00000000       0.00000000       0.00000000       0.00000000       0.00000000       0.00000000       0.00000000       0.00000000       0.00000000       0.00000000      
  0.03300000       7.01703829E-02   2234.30353063    -3.40572921      0.13251956       4.71237042       0.00000000       0.00000000       0.00000000       0.00000000       0.00000000       0.00000000       0.00000000       0.00000000       0.00000000       0.00000000       0.00000000       0.00000000      
  0.03300000       8.88623816E-02   2126.24562618    -3.53669379      0.12584980       4.75722394       0.00000000       0.00000000       0.00000000       0.00000000       0.00000000       0.00000000       0.00000000       0.00000000       0.00000000       0.00000000       0.00000000       0.00000000      
  0.03300000       1.12533558E-01   2015.68409310    -3.66907054      0.12023814       4.79684544       0.00000000       0.00000000       0.00000000       0.00000000       0.00000000       0.00000000       0.00000000       0.00000000       0.00000000       0.00000000       0.00000000       0.00000000      
  0.03300000       1.42510267E-01   1899.20252841    -3.80741056      0.11550049       4.83176072       0.00000000       0.00000000       0.00000000       0.00000000       0.00000000       0.00000000       0.00000000       0.00000000       0.00000000       0.00000000       0.00000000       0.00000000      
  0.03300000       1.80472177E-01   1788.32090888    -3.94330740      0.11140166       4.86314622       11.95701982      11.84664631      12.79421858      13.04826869      11.03638233      11.67043502      14.64200938      10.66135409      10.07430689      12.22970636      10.55369090      10.63744010     
  0.03300000       2.28546386E-01   1667.52125574    -4.09212594      0.10794909       4.89049123       12.34274584      12.25190941      13.13835837      13.50078302      11.31708849      12.00369128      15.04600972      11.08822209      10.36843055      12.58812731      10.82462235      10.93254748     
  0.03300000       2.89426612E-01   1560.47756681    -4.23125350      0.10502216       4.91436688       12.72938783      12.65778549      13.43130580      13.94363408      11.57471869      12.34782736      15.40643187      11.51109933      10.71721426      12.94750025      11.09656552      11.22343163     
  0.03300000       3.66524124E-01   1463.26760930    -4.36446971      0.10245765       4.93584001       13.11227104      13.06039141      13.69113771      14.39254586      11.82034863      12.70852424      15.75418736      11.91315579      11.09876159      13.31734206      11.37019272      11.50980742     
  0.03300000       4.64158883E-01   1367.67202310    -4.50153638      0.10015890       4.95554928       13.52237840      13.48888561      13.95472370      14.89625515      12.07474365      13.12801816      16.14249319      12.30110299      11.49336283      13.74173970      11.65690075      11.80551275     
  0.03300000       5.87801607E-01   1274.59568818    -4.64130518      0.09818398       4.97284764       13.94077386      13.91471627      14.22688696      15.42247666      12.30933017      13.58433821      16.56261197      12.68065527      11.87621905      14.19823014      11.93482823      12.08210281     
  0.03300000       7.44380301E-01   1203.33725475    -4.75744192      0.09636750       4.98906755       14.29617033      14.27033190      14.46691478      15.87330656      12.49523666      13.96781038      16.92245842      12.97719479      12.16994211      14.58403831      12.15413040      12.29449352     
  0.03300000       9.42668455E-01   1090.64492347    -4.94237113      0.09481426       5.00318098       14.86341808      14.84152742      14.89612320      16.60220641      12.76474618      14.53700460      17.51427576      13.40253989      12.58402984      15.16711147      12.46777461      12.59362085     
  0.03300000       1.19377664E+00   1014.66847431    -5.08000921      0.09349321       5.01536817       15.30368976      15.28364640      15.23362968      17.14174426      12.94249609      14.93550814      17.95644705      13.71589433      12.88915344      15.57867963      12.68456593      12.78510846     
  0.03300000       1.51177507E+00   945.75470907     -5.21324328      0.09231090       5.02642225       15.73718881      15.73162435      15.57547394      17.66678552      13.09110509      15.30747297      18.38359002      14.01089359      13.18253938      15.96434900      12.87773657      12.94217655     
  0.03300000       1.91448198E+00   877.27459531     -5.35403579      0.09123063       5.03664689       16.21093070      16.23946582      15.96010471      18.23536333      13.23124278      15.70180849      18.85342696      14.32302002      13.49624078      16.37299417      13.07481140      13.09921718     
  0.03300000       2.42446202E+00   810.97240370     -5.49982820      0.09025894       5.04594776       16.71745111      16.81152647      16.37790347      18.83472035      13.35477115      16.11787676      19.35811064      14.64327080      13.81563451      16.80214986      13.26378957      13.24245386     
  0.03300000       3.07029063E+00   751.94718179     -5.63936628      0.08940433       5.05421106       17.21727543      17.40354832      16.78804058      19.40390390      13.48675606      16.52231656      19.84730607      14.94775892      14.12232519      17.21677596      13.44532504      13.39059428     
  0.03300000       3.88815518E+00   698.11459275     -5.77593441      0.08863547       5.06171304       17.71742502      18.02258618      17.20570764      19.97186978      13.62401460      16.93694519      20.33581741      15.25032723      14.42955575      17.63967229      13.62989292      13.55335716     
  0.03300000       4.92388263E+00   653.77518866     -5.89691953      0.08792596       5.06869394       18.16251882      18.59228366      17.59262008      20.48074339      13.74355966      17.32408295      20.76533354      15.51769863      14.70272428      18.03276605      13.79544889      13.71349060     
  0.03300000       6.23550734E+00   610.90339030     -6.02117900      0.08727515       5.07514699       18.64322903      19.23611407      18.02378138      21.03560176      13.88856051      17.76388432      21.21938382      15.80086978      14.99567287      18.47742970      13.97598825      13.89958563     
  0.03300000       7.89652287E+00   573.99741541     -6.13532234      0.08668454       5.08104492       19.12636477      19.91241372      18.46527764      21.60400275      14.06668192      18.22917798      21.65523203      16.08265031      15.29008725      18.94652320      14.16509258      14.08367647     
  0.03300000       1.00000000E+01   542.67692713     -6.23830839      0.08613601       5.08655868       19.57750331      20.53954676      18.87157324      22.12918385      14.21344753      18.65948066      22.02663896      16.34505030      15.56428843      19.38013360      14.33268102      14.24794263     
