# Mass             Age              Teff             Luminosity       Radius           Gravity          NIRISS-F277W     NIRISS-F200W     NIRISS-F115W     NIRISS-F140M     NIRISS-F480M     NIRISS-F158M     NIRISS-F090W     NIRISS-F356W     NIRISS-F380M     NIRISS-F150W     NIRISS-F444W     NIRISS-F430M    
# M/Msun           Gyr              K                L/Lsun           R/Rsun           log(g[cm/s^2])  
  0.04700000       1.00000000E-03   2921.59413760    -1.67693970      0.56716865       3.60309019       0.00000000       0.00000000       0.00000000       0.00000000       0.00000000       0.00000000       0.00000000       0.00000000       0.00000000       0.00000000       0.00000000       0.00000000      
  0.04700000       1.26638017E-03   2920.96612357    -1.70276772      0.55079705       3.62852945       0.00000000       0.00000000       0.00000000       0.00000000       0.00000000       0.00000000       0.00000000       0.00000000       0.00000000       0.00000000       0.00000000       0.00000000      
  0.04700000       1.60371874E-03   2920.59923572    -1.71531803      0.54301787       3.64088437       0.00000000       0.00000000       0.00000000       0.00000000       0.00000000       0.00000000       0.00000000       0.00000000       0.00000000       0.00000000       0.00000000       0.00000000      
  0.04700000       2.03091762E-03   2920.38426634    -1.72564998      0.53669047       3.65106468       0.00000000       0.00000000       0.00000000       0.00000000       0.00000000       0.00000000       0.00000000       0.00000000       0.00000000       0.00000000       0.00000000       0.00000000      
  0.04700000       2.57191381E-03   2920.01502152    -1.73999442      0.52802766       3.66519920       0.00000000       0.00000000       0.00000000       0.00000000       0.00000000       0.00000000       0.00000000       0.00000000       0.00000000       0.00000000       0.00000000       0.00000000      
  0.04700000       3.25702066E-03   2919.45035042    -1.76396968      0.51384275       3.68885179       0.00000000       0.00000000       0.00000000       0.00000000       0.00000000       0.00000000       0.00000000       0.00000000       0.00000000       0.00000000       0.00000000       0.00000000      
  0.04700000       4.12462638E-03   2918.56923361    -1.81382573      0.48548923       3.73815304       0.00000000       0.00000000       0.00000000       0.00000000       0.00000000       0.00000000       0.00000000       0.00000000       0.00000000       0.00000000       0.00000000       0.00000000      
  0.04700000       5.22334507E-03   2915.69141664    -1.94371447      0.41887739       3.86633989       0.00000000       0.00000000       0.00000000       0.00000000       0.00000000       0.00000000       0.00000000       0.00000000       0.00000000       0.00000000       0.00000000       0.00000000      
  0.04700000       6.61474064E-03   2911.80823140    -2.08299053      0.35777212       4.00330120       0.00000000       0.00000000       0.00000000       0.00000000       0.00000000       0.00000000       0.00000000       0.00000000       0.00000000       0.00000000       0.00000000       0.00000000      
  0.04700000       8.37677640E-03   2897.63285547    -2.20360904      0.31443385       4.11545625       0.00000000       0.00000000       0.00000000       0.00000000       0.00000000       0.00000000       0.00000000       0.00000000       0.00000000       0.00000000       0.00000000       0.00000000      
  0.04700000       1.06081836E-02   2881.77164827    -2.31013352      0.28121956       4.21242324       0.00000000       0.00000000       0.00000000       0.00000000       0.00000000       0.00000000       0.00000000       0.00000000       0.00000000       0.00000000       0.00000000       0.00000000      
  0.04700000       1.34339933E-02   2860.57717650    -2.41084275      0.25415682       4.30031142       0.00000000       0.00000000       0.00000000       0.00000000       0.00000000       0.00000000       0.00000000       0.00000000       0.00000000       0.00000000       0.00000000       0.00000000      
  0.04700000       1.70125428E-02   2840.94457422    -2.50336358      0.23164132       4.38088066       0.00000000       0.00000000       0.00000000       0.00000000       0.00000000       0.00000000       0.00000000       0.00000000       0.00000000       0.00000000       0.00000000       0.00000000      
  0.04700000       2.15443469E-02   2819.84127779    -2.59210305      0.21228434       4.45667894       0.00000000       0.00000000       0.00000000       0.00000000       0.00000000       0.00000000       0.00000000       0.00000000       0.00000000       0.00000000       0.00000000       0.00000000      
  0.04700000       2.72833338E-02   2785.41060894    -2.68540418      0.19540834       4.52862860       0.00000000       0.00000000       0.00000000       0.00000000       0.00000000       0.00000000       0.00000000       0.00000000       0.00000000       0.00000000       0.00000000       0.00000000      
  0.04700000       3.45510729E-02   2748.77579347    -2.77630358      0.18071684       4.59651750       0.00000000       0.00000000       0.00000000       0.00000000       0.00000000       0.00000000       0.00000000       0.00000000       0.00000000       0.00000000       0.00000000       0.00000000      
  0.04700000       4.37547938E-02   2705.64933478    -2.86851401      0.16773738       4.66125453       0.00000000       0.00000000       0.00000000       0.00000000       0.00000000       0.00000000       0.00000000       0.00000000       0.00000000       0.00000000       0.00000000       0.00000000      
  0.04700000       5.54102033E-02   2653.14996384    -2.96404694      0.15627082       4.72275898       0.00000000       0.00000000       0.00000000       0.00000000       0.00000000       0.00000000       0.00000000       0.00000000       0.00000000       0.00000000       0.00000000       0.00000000      
  0.04700000       7.01703829E-02   2594.41842913    -3.06123400      0.14612887       4.78104054       0.00000000       0.00000000       0.00000000       0.00000000       0.00000000       0.00000000       0.00000000       0.00000000       0.00000000       0.00000000       0.00000000       0.00000000      
  0.04700000       8.88623816E-02   2524.87690580    -3.16351599      0.13714938       4.83612566       0.00000000       0.00000000       0.00000000       0.00000000       0.00000000       0.00000000       0.00000000       0.00000000       0.00000000       0.00000000       0.00000000       0.00000000      
  0.04700000       1.12533558E-01   2446.73933087    -3.27034511      0.12914397       4.88836498       0.00000000       0.00000000       0.00000000       0.00000000       0.00000000       0.00000000       0.00000000       0.00000000       0.00000000       0.00000000       0.00000000       0.00000000      
  0.04700000       1.42510267E-01   2357.17761697    -3.38363283      0.12213282       4.93684811       0.00000000       0.00000000       0.00000000       0.00000000       0.00000000       0.00000000       0.00000000       0.00000000       0.00000000       0.00000000       0.00000000       0.00000000      
  0.04700000       1.80472177E-01   2249.32588742    -3.50923237      0.11606629       4.98110149       0.00000000       0.00000000       0.00000000       0.00000000       0.00000000       0.00000000       0.00000000       0.00000000       0.00000000       0.00000000       0.00000000       0.00000000      
  0.04700000       2.28546386E-01   2139.99182938    -3.63535138      0.11089950       5.02065474       0.00000000       0.00000000       0.00000000       0.00000000       0.00000000       0.00000000       0.00000000       0.00000000       0.00000000       0.00000000       0.00000000       0.00000000      
  0.04700000       2.89426612E-01   2024.58641816    -3.76725031      0.10644616       5.05625382       0.00000000       0.00000000       0.00000000       0.00000000       0.00000000       0.00000000       0.00000000       0.00000000       0.00000000       0.00000000       0.00000000       0.00000000      
  0.04700000       3.66524124E-01   1905.62025330    -3.90426903      0.10261826       5.08806358       0.00000000       0.00000000       0.00000000       0.00000000       0.00000000       0.00000000       0.00000000       0.00000000       0.00000000       0.00000000       0.00000000       0.00000000      
  0.04700000       4.64158883E-01   1782.78836596    -4.04803089      0.09935878       5.11610041       12.22029123      12.12326213      13.05724127      13.25158524      11.28564209      11.89178449      14.89855003      10.99275790      10.35267874      12.44112766      10.80117945      10.85674196     
  0.04700000       5.87801607E-01   1667.92055902    -4.18837001      0.09658189       5.14072151       12.59731566      12.51688766      13.36444474      13.68831548      11.54197990      12.21967649      15.27107752      11.40609192      10.65786045      12.79136435      11.05822656      11.13106092     
  0.04700000       7.44380301E-01   1557.41771026    -4.32939423      0.09417203       5.16266900       12.99817356      12.93609893      13.64802640      14.15383063      11.79133590      12.58526063      15.64194861      11.82923565      11.03106290      13.17209820      11.33162707      11.41681850     
  0.04700000       9.42668455E-01   1458.24361326    -4.46337387      0.09206359       5.18233692       13.39546207      13.35001896      13.89880687      14.63663220      12.03010366      12.97066932      16.00377848      12.21942315      11.41601974      13.56858795      11.60326892      11.69609689     
  0.04700000       1.19377664E+00   1362.07762838    -4.59984053      0.09018068       5.20028538       13.81076183      13.77712981      14.15854482      15.16159282      12.25816198      13.40008745      16.40378061      12.59169000      11.79295121      14.00616892      11.87177869      11.96482539     
  0.04700000       1.51177507E+00   1266.26042698    -4.74247971      0.08853889       5.21624401       14.24537162      14.21499766      14.43878892      15.71421059      12.47427840      13.86863726      16.84501368      12.96075291      12.16091702      14.47867058      12.13650855      12.22161599     
  0.04700000       1.91448198E+00   1177.48326996    -4.88343214      0.08705722       5.23090262       14.68785271      14.66278612      14.74698254      16.28259768      12.66804819      14.32450615      17.29670053      13.29577560      12.48736802      14.94441271      12.37374354      12.44309499     
  0.04700000       2.42446202E+00   1085.44657187    -5.03743981      0.08580124       5.24352501       15.16483904      15.14903930      15.11854445      16.88998328      12.85459119      14.78134319      17.79130852      13.63355381      12.81345818      15.41670522      12.60698126      12.65351408     
  0.04700000       3.07029063E+00   1009.79060464    -5.17437289      0.08467748       5.25497628       15.61268068      15.61269274      15.46580685      17.43317223      13.00224404      15.17573288      18.24180145      13.93496605      13.10712698      15.82537899      12.80272261      12.82244385     
  0.04700000       3.88815518E+00   933.01561728     -5.32199654      0.08368631       5.26520326       16.09371126      16.13396336      15.85731583      18.00744231      13.14449795      15.58640237      18.72872397      14.24264091      13.41018401      16.25041514      12.99778264      12.99447052     
  0.04700000       4.92388263E+00   870.26375768     -5.45175910      0.08284154       5.27401580       16.53082413      16.62043123      16.22060645      18.52656779      13.26034366      15.95214404      19.16857193      14.51805461      13.68450742      16.62844921      13.16663856      13.13264859     
  0.04700000       6.23550734E+00   820.82604781     -5.56142876      0.08207595       5.28208028       16.90901008      17.06249012      16.54290299      18.96527527      13.36186169      16.27008097      19.54998223      14.74874929      13.91326287      16.95489051      13.30866890      13.25480339     
  0.04700000       7.89652287E+00   778.62841118     -5.66076583      0.08135401       5.28975418       17.25902546      17.48678807      16.84219950      19.35569152      13.47125374      16.56255055      19.89902689      14.95653021      14.12085688      17.25349467      13.44382839      13.38486573     
  0.04700000       1.00000000E+01   739.34173977     -5.75825977      0.08064870       5.29731735       17.61253394      17.92264766      17.14155022      19.74532302      13.57841268      16.85652439      20.24325592      15.16512393      14.33094455      17.55290435      13.57705723      13.50971583     
