# Mass             Age              Teff             Luminosity       Radius           Gravity          NIRCAM-F460M     NIRCAM-F480M     NIRCAM-F322W2    NIRCAM-F356W     NIRCAM-F410M     NIRCAM-F300M     NIRCAM-F250M     NIRCAM-F335M     NIRCAM-F430M     NIRCAM-F444W     NIRCAM-F360M    
# M/Msun           Gyr              K                L/Lsun           R/Rsun           log(g[cm/s^2])  
  0.05200000       1.00000000E-03   2948.49231389    -1.60101159      0.60774746       3.58697216       5.43223652       5.42239124       5.73737204       5.53767973       5.34958144       5.88387918       5.96028223       5.65284020       5.38313154       5.38686478       5.48170078      
  0.05200000       1.26638017E-03   2948.28864630    -1.62022263      0.59453269       3.60606624       5.48043485       5.47051325       5.78540781       5.58567095       5.39765333       5.93184822       6.00841632       5.70075729       5.43120128       5.43498366       5.52971200      
  0.05200000       1.60371874E-03   2948.15287571    -1.63074889      0.58742009       3.61652056       5.50684678       5.49688326       5.81173037       5.61196155       5.42398442       5.95814312       6.03479933       5.72701132       5.45753616       5.46134561       5.55601142      
  0.05200000       2.03091762E-03   2948.01711138    -1.64231570      0.57970666       3.62800138       5.53585232       5.52584235       5.84062885       5.64082226       5.45288896       5.98701717       6.06376413       5.75583421       5.48644895       5.49028922       5.58488009      
  0.05200000       2.57191381E-03   2947.76957399    -1.65988546      0.56818968       3.64543128       5.57993280       5.56985031       5.88454267       5.68466658       5.49679413       6.03090809       6.10778937       5.79962766       5.53037419       5.53426287       5.62873288      
  0.05200000       3.25702066E-03   2947.33838350    -1.69176166      0.54788085       3.67704568       5.65993494       5.64971338       5.96419087       5.76416569       5.57639598       6.11055400       6.18764933       5.87905088       5.61003637       5.61402258       5.70823600      
  0.05200000       4.12462638E-03   2946.32058466    -1.76908280      0.50155552       3.75377969       5.85444560       5.84383751       6.15756583       5.95704696       5.76948036       6.30413760       6.38159852       6.07183754       5.80339090       5.80767315       5.90106639      
  0.05200000       5.22334507E-03   2945.23972114    -1.91789563      0.42288967       3.90196419       6.22987281       6.21845975       6.53032252       6.32863270       6.14138272       6.67774770       6.75542063       6.44338310       6.17604537       6.18097672       6.27245272      
  0.05200000       6.61474064E-03   2941.97817669    -2.04396620      0.36656990       4.02610702       6.54746489       6.53528453       6.84521774       6.64172565       6.45428445       6.99431028       7.07196088       6.75697442       6.49024895       6.49580969       6.58513858      
  0.05200000       8.37677640E-03   2930.40958117    -2.15580734      0.32484012       4.13107966       6.82413957       6.81115088       7.12025486       6.91348440       6.72482414       7.27245480       7.35027173       7.03010932       6.76276183       6.76892264       6.85616814      
  0.05200000       1.06081836E-02   2918.38372755    -2.25604204      0.29182374       4.22417827       7.07218728       7.05831641       7.36626990       7.15592340       6.96584247       7.52199082       7.59981231       7.27419268       7.00608259       7.01288606       7.09776820      
  0.05200000       1.34339933E-02   2905.43838963    -2.34897311      0.26455076       4.30940245       7.30208620       7.28718466       7.59376142       7.37948097       7.18779648       7.75339060       7.83121019       7.49963921       7.23068326       7.23815602       7.32039529      
  0.05200000       1.70125428E-02   2884.29404262    -2.44178851      0.24123815       4.38952832       7.52776900       7.51143676       7.81723408       7.59715917       7.40289589       7.98257524       8.06064343       7.72018337       7.44950091       7.45766541       7.53676276      
  0.05200000       2.15443469E-02   2867.98249930    -2.52663734      0.22128839       4.46450351       7.73737011       7.71959340       8.02344204       7.79816584       7.60172291       8.19408048       8.27210408       7.92384731       7.65205585       7.66096387       7.73652775      
  0.05200000       2.72833338E-02   2843.29436996    -2.61366733      0.20368188       4.53651458       7.94909324       7.92938288       8.23158190       7.99898099       7.79936836       8.40962420       8.48785071       8.12839561       7.85473350       7.86442786       7.93567806      
  0.05200000       3.45510729E-02   2808.96222673    -2.70346840      0.18818860       4.60523347       8.16426449       8.14208229       8.44271126       8.20006276       7.99609762       8.63099533       8.70954475       8.33458150       8.05823449       8.06876365       8.13453019      
  0.05200000       4.37547938E-02   2773.43150583    -2.79129485      0.17448134       4.67092194       8.37604736       8.35127584       8.64880551       8.39496445       8.18657323       8.84853188       8.92757472       8.53499957       8.25647869       8.26795536       8.32704298      
  0.05200000       5.54102033E-02   2730.18063067    -2.88165801      0.16226412       4.73397531       8.59583619       8.56800419       8.85954618       8.59085638       8.37715795       9.07451999       9.15455681       8.73802948       8.45774978       8.47040919       8.51991175      
  0.05200000       7.01703829E-02   2679.14545381    -2.97471935      0.15137958       4.79428559       8.82532130       8.79370274       9.07531665       8.78757980       8.56813540       9.31009440       9.39231610       8.94343196       8.66257918       8.67656954       8.71297627      
  0.05200000       8.88623816E-02   2620.20287347    -3.07077614      0.14169906       4.85168514       9.06629899       9.02934438       9.29660712       8.98548174       8.75974654       9.55634210       9.64125939       9.15185849       8.87190910       8.88724033       8.90653298      
  0.05200000       1.12533558E-01   2551.30059002    -3.17158830      0.13307981       4.90619472       9.32928100       9.28463799       9.52772476       9.18672497       8.95455358       9.81957022       9.91119762       9.36591770       9.09062930       9.10747972       9.10257002      
  0.05200000       1.42510267E-01   2472.72185410    -3.27759743      0.12539449       4.95786302       9.62388998       9.56738944       9.77005434       9.39167434       9.15377348       10.10235576      10.20758925      9.58616040       9.32193133       9.34044009       9.30155679      
  0.05200000       1.80472177E-01   2385.26045038    -3.38824537      0.11863931       5.00596252       9.93996331       9.86897688       10.01642985      9.59699271       9.35450757       10.39360068      10.52372413      9.80857488       9.56066658       9.57929990       9.50054028      
  0.05200000       2.28546386E-01   2275.68965718    -3.51391367      0.11278476       5.04991837       10.28126558      10.19585676      10.28181073      9.81924072       9.56974864       10.70616747      10.87860270      10.05441582      9.82004227       9.83404177       9.71521595      
  0.05200000       2.89426612E-01   2164.16174350    -3.64044373      0.10780004       5.08918068       10.58528738      10.48908175      10.54439949      10.05133267      9.78094488       11.00174882      11.22333716      10.32580945      10.07067661      10.07321009      9.93691066      
  0.05200000       3.66524124E-01   2051.13174180    -3.76912126      0.10348638       5.12465150       10.85110280      10.74936328      10.82934765      10.32330445      9.99191235       11.30103310      11.56532880      10.68228911      10.31401254      10.30090687      10.19467097     
  0.05200000       4.64158883E-01   1929.89390536    -3.90662654      0.09977941       5.15633681       11.09733569      10.99342638      11.16572845      10.66509279      10.21558906      11.63123588      11.93031405      11.17846446      10.56517185      10.53251628      10.52825206     
  0.05200000       5.87801607E-01   1805.03936802    -4.05070831      0.09662580       5.18423226       11.31082068      11.20455740      11.56503614      11.09778115      10.45781412      11.98928608      12.31434307      11.85563949      10.81621256      10.76715449      10.98460706     
  0.05200000       7.44380301E-01   1689.26912636    -4.19039682      0.09393719       5.20874324       11.49538113      11.38929253      11.97814505      11.55309195      10.71349485      12.34319883      12.71562195      12.53981999      11.05664084      11.00124055      11.49722923     
  0.05200000       9.42668455E-01   1576.44954022    -4.33230206      0.09160535       5.23057609       11.65667521      11.55607677      12.40897506      12.01873909      11.00169167      12.71054882      13.17145964      13.12442405      11.29564664      11.24794187      12.02945928     
  0.05200000       1.19377664E+00   1474.15376538    -4.46830597      0.08957555       5.25003916       11.78562988      11.69637093      12.82468527      12.45507682      11.29459300      13.06790295      13.64373772      13.60675057      11.50475069      11.48281299      12.50645999     
  0.05200000       1.51177507E+00   1380.96463095    -4.59957075      0.08775658       5.26785845       11.89195486      11.82238621      13.22447242      12.84792289      11.57486900      13.43915794      14.13587453      14.05698579      11.69244305      11.69857104      12.90849660     
  0.05200000       1.91448198E+00   1278.85936284    -4.74894617      0.08616000       5.28380630       12.00507641      11.96314275      13.65459739      13.24663272      11.87475036      13.87073674      14.70595884      14.55462747      11.90571726      11.92778205      13.30422414     
  0.05200000       2.42446202E+00   1191.69783238    -4.88599147      0.08474245       5.29821561       12.12714658      12.11374908      14.02227987      13.57278116      12.13289394      14.27734109      15.22684225      14.99761585      12.11265881      12.13438308      13.62962845     
  0.05200000       3.07029063E+00   1101.64816954    -5.03509224      0.08352091       5.31082719       12.26286683      12.27758530      14.36106983      13.86826354      12.37779738      14.68317528      15.72832549      15.40775619      12.32694712      12.33824052      13.92705031     
  0.05200000       3.88815518E+00   1027.48276444    -5.16751526      0.08243711       5.32217204       12.40619174      12.44442311      14.66953403      14.13771906      12.60399353      15.08258059      16.19170140      15.79501321      12.53483043      12.53307397      14.20162145     
  0.05200000       4.92388263E+00   956.03306344     -5.30276151      0.08148772       5.33223327       12.56146986      12.62016970      14.96299121      14.39402427      12.82420081      15.49162585      16.64500637      16.16462920      12.74224023      12.72916979      14.46426002     
  0.05200000       6.23550734E+00   897.84956878     -5.42071861      0.08065896       5.34111239       12.70416116      12.77621160      15.21304711      14.61605127      13.01736520      15.85076683      17.03033799      16.48126659      12.92122883      12.90137181      14.68669155     
  0.05200000       7.89652287E+00   853.58835121     -5.51701844      0.07987566       5.34958868       12.82771807      12.90923702      15.41689695      14.79753531      13.17590526      16.15448374      17.35174518      16.75600801      13.06999284      13.04568298      14.87108916     
  0.05200000       1.00000000E+01   810.45473699     -5.61550747      0.07910628       5.35799568       12.96011076      13.04955016      15.62647485      14.98618514      13.34058848      16.47273561      17.68967394      17.04878397      13.22185469      13.19631280      15.06329074     
