# Mass             Age              Teff             Luminosity       Radius           Gravity          MIRI-F560W       MIRI-F770W       MIRI-F1000W      MIRI-F1130W      MIRI-F1280W      MIRI-F1500W      MIRI-F1800W      MIRI-F2100W      MIRI-F2550W     
# M/Msun           Gyr              K                L/Lsun           R/Rsun           log(g[cm/s^2])  
  0.04500000       1.00000000E-03   2910.28161455    -1.70855903      0.55116426       3.60906670       0.00000000       0.00000000       0.00000000       0.00000000       0.00000000       0.00000000       0.00000000       0.00000000       0.00000000      
  0.04500000       1.26638017E-03   2909.44398355    -1.73771059      0.53326308       3.63774377       0.00000000       0.00000000       0.00000000       0.00000000       0.00000000       0.00000000       0.00000000       0.00000000       0.00000000      
  0.04500000       1.60371874E-03   2909.09491206    -1.75173888      0.52485759       3.65154435       0.00000000       0.00000000       0.00000000       0.00000000       0.00000000       0.00000000       0.00000000       0.00000000       0.00000000      
  0.04500000       2.03091762E-03   2908.84111421    -1.76175996      0.51892910       3.66141107       0.00000000       0.00000000       0.00000000       0.00000000       0.00000000       0.00000000       0.00000000       0.00000000       0.00000000      
  0.04500000       2.57191381E-03   2908.50624077    -1.77496608      0.51121637       3.67441761       0.00000000       0.00000000       0.00000000       0.00000000       0.00000000       0.00000000       0.00000000       0.00000000       0.00000000      
  0.04500000       3.25702066E-03   2908.00666324    -1.79637849      0.49894340       3.69552462       0.00000000       0.00000000       0.00000000       0.00000000       0.00000000       0.00000000       0.00000000       0.00000000       0.00000000      
  0.04500000       4.12462638E-03   2907.00961833    -1.83859795      0.47559625       3.73715022       0.00000000       0.00000000       0.00000000       0.00000000       0.00000000       0.00000000       0.00000000       0.00000000       0.00000000      
  0.04500000       5.22334507E-03   2903.82205861    -1.95131124      0.41863142       3.84796313       0.00000000       0.00000000       0.00000000       0.00000000       0.00000000       0.00000000       0.00000000       0.00000000       0.00000000      
  0.04500000       6.61474064E-03   2898.43200591    -2.09834523      0.35474877       3.99178585       0.00000000       0.00000000       0.00000000       0.00000000       0.00000000       0.00000000       0.00000000       0.00000000       0.00000000      
  0.04500000       8.37677640E-03   2881.97491044    -2.22395742      0.31049764       4.10751199       0.00000000       0.00000000       0.00000000       0.00000000       0.00000000       0.00000000       0.00000000       0.00000000       0.00000000      
  0.04500000       1.06081836E-02   2864.88661680    -2.33323074      0.27707518       4.20643304       0.00000000       0.00000000       0.00000000       0.00000000       0.00000000       0.00000000       0.00000000       0.00000000       0.00000000      
  0.04500000       1.34339933E-02   2841.04190007    -2.43686062      0.25005811       4.29554633       0.00000000       0.00000000       0.00000000       0.00000000       0.00000000       0.00000000       0.00000000       0.00000000       0.00000000      
  0.04500000       1.70125428E-02   2823.35287249    -2.52868862      0.22779939       4.37652369       0.00000000       0.00000000       0.00000000       0.00000000       0.00000000       0.00000000       0.00000000       0.00000000       0.00000000      
  0.04500000       2.15443469E-02   2796.02991167    -2.62193923      0.20862578       4.45289104       0.00000000       0.00000000       0.00000000       0.00000000       0.00000000       0.00000000       0.00000000       0.00000000       0.00000000      
  0.04500000       2.72833338E-02   2760.32515265    -2.71591105      0.19211072       4.52452414       0.00000000       0.00000000       0.00000000       0.00000000       0.00000000       0.00000000       0.00000000       0.00000000       0.00000000      
  0.04500000       3.45510729E-02   2721.62854574    -2.80810613      0.17771312       4.59218848       0.00000000       0.00000000       0.00000000       0.00000000       0.00000000       0.00000000       0.00000000       0.00000000       0.00000000      
  0.04500000       4.37547938E-02   2673.72448841    -2.90318591      0.16504634       4.65641724       0.00000000       0.00000000       0.00000000       0.00000000       0.00000000       0.00000000       0.00000000       0.00000000       0.00000000      
  0.04500000       5.54102033E-02   2618.53098379    -3.00016479      0.15389825       4.71716115       0.00000000       0.00000000       0.00000000       0.00000000       0.00000000       0.00000000       0.00000000       0.00000000       0.00000000      
  0.04500000       7.01703829E-02   2554.82180114    -3.10020357      0.14407672       4.77444106       0.00000000       0.00000000       0.00000000       0.00000000       0.00000000       0.00000000       0.00000000       0.00000000       0.00000000      
  0.04500000       8.88623816E-02   2481.52184247    -3.20504240      0.13535190       4.82869994       0.00000000       0.00000000       0.00000000       0.00000000       0.00000000       0.00000000       0.00000000       0.00000000       0.00000000      
  0.04500000       1.12533558E-01   2400.71780708    -3.31353292      0.12763808       4.87966796       0.00000000       0.00000000       0.00000000       0.00000000       0.00000000       0.00000000       0.00000000       0.00000000       0.00000000      
  0.04500000       1.42510267E-01   2302.13596655    -3.43332105      0.12092162       4.92662100       0.00000000       0.00000000       0.00000000       0.00000000       0.00000000       0.00000000       0.00000000       0.00000000       0.00000000      
  0.04500000       1.80472177E-01   2190.24330448    -3.56217265      0.11517399       4.96892000       0.00000000       0.00000000       0.00000000       0.00000000       0.00000000       0.00000000       0.00000000       0.00000000       0.00000000      
  0.04500000       2.28546386E-01   2082.61325838    -3.68771309      0.11024470       5.00691305       0.00000000       0.00000000       0.00000000       0.00000000       0.00000000       0.00000000       0.00000000       0.00000000       0.00000000      
  0.04500000       2.89426612E-01   1963.77627116    -3.82369838      0.10602057       5.04084797       0.00000000       0.00000000       0.00000000       0.00000000       0.00000000       0.00000000       0.00000000       0.00000000       0.00000000      
  0.04500000       3.66524124E-01   1843.69221796    -3.96363674      0.10238355       5.07116652       0.00000000       0.00000000       0.00000000       0.00000000       0.00000000       0.00000000       0.00000000       0.00000000       0.00000000      
  0.04500000       4.64158883E-01   1724.22380867    -4.10653985      0.09930436       5.09769107       10.96054210      10.81523112      10.08882676      10.02434580      10.07301018      10.13488230      10.14732782      10.15150457      10.11991001     
  0.04500000       5.87801607E-01   1611.66888907    -4.24730107      0.09665651       5.12116487       11.20345167      11.08246435      10.26484453      10.17750814      10.22058581      10.28515195      10.29898511      10.30521256      10.27204627     
  0.04500000       7.44380301E-01   1503.60008575    -4.38883698      0.09435338       5.14211258       11.45432539      11.34868689      10.44389619      10.33149419      10.36739610      10.43284540      10.44755379      10.45610952      10.42055491     
  0.04500000       9.42668455E-01   1414.04743609    -4.51450060      0.09230945       5.16113509       11.69480182      11.58755117      10.61151754      10.47889634      10.50742057      10.57238250      10.58788598      10.59904600      10.56123210     
  0.04500000       1.19377664E+00   1308.98664277    -4.66571783      0.09051238       5.17821107       11.97378120      11.86248996      10.80129062      10.64574496      10.66359042      10.72408446      10.74067732      10.75528811      10.71554398     
  0.04500000       1.51177507E+00   1226.76949891    -4.79385324      0.08891415       5.19368514       12.22441423      12.10431458      10.97072974      10.79750651      10.80514659      10.85868443      10.87614729      10.89417342      10.85280458     
  0.04500000       1.91448198E+00   1128.43971527    -4.95289280      0.08750287       5.20758226       12.53161687      12.39299225      11.17584449      10.98293132      10.97649943      11.01511710      11.03200399      11.05428049      11.01026018     
  0.04500000       2.42446202E+00   1048.47882532    -5.09254612      0.08630402       5.21956471       12.81082679      12.65098323      11.36215514      11.15256926      11.13351445      11.15436798      11.16961236      11.19535061      11.14979730     
  0.04500000       3.07029063E+00   971.82435018     -5.23548473      0.08521234       5.23062178       13.11115065      12.92059905      11.56653436      11.33819981      11.30606813      11.30171914      11.31051061      11.33945089      11.29289917     
  0.04500000       3.88815518E+00   896.11485085     -5.38610770      0.08426529       5.24032927       13.43634249      13.21084388      11.79033999      11.53959105      11.49488737      11.45790956      11.45711737      11.48916389      11.44201105     
  0.04500000       4.92388263E+00   838.67405364     -5.50965838      0.08344628       5.24881282       13.71884346      13.46320130      11.98984974      11.71753219      11.66374537      11.59453146      11.58177639      11.61596138      11.56933030     
  0.04500000       6.23550734E+00   790.35152951     -5.62051863      0.08270227       5.25659193       13.97783620      13.69388206      12.18077752      11.88529608      11.82500256      11.72309223      11.69542181      11.73039443      11.68434335     
  0.04500000       7.89652287E+00   748.97025114     -5.72138915      0.08199871       5.26401270       14.22628705      13.91133481      12.36500581      12.04594298      11.98060045      11.84706031      11.80291036      11.83720129      11.79153382     
  0.04500000       1.00000000E+01   709.99788833     -5.82138659      0.08132287       5.27120136       14.47750314      14.12889110      12.55363818      12.20798321      12.13815548      11.97038884      11.90923808      11.94205365      11.89682187     
