# Mass             Age              Teff             Luminosity       Radius           Gravity          MIRI-F560W       MIRI-F770W       MIRI-F1000W      MIRI-F1130W      MIRI-F1280W      MIRI-F1500W      MIRI-F1800W      MIRI-F2100W      MIRI-F2550W     
# M/Msun           Gyr              K                L/Lsun           R/Rsun           log(g[cm/s^2])  
  0.04300000       1.00000000E-03   2898.33923358    -1.74099843      0.53534595       3.61461394       0.00000000       0.00000000       0.00000000       0.00000000       0.00000000       0.00000000       0.00000000       0.00000000       0.00000000      
  0.04300000       1.26638017E-03   2897.15490170    -1.77398208      0.51580768       3.64690761       0.00000000       0.00000000       0.00000000       0.00000000       0.00000000       0.00000000       0.00000000       0.00000000       0.00000000      
  0.04300000       1.60371874E-03   2896.59629657    -1.79013274      0.50649844       3.66272694       0.00000000       0.00000000       0.00000000       0.00000000       0.00000000       0.00000000       0.00000000       0.00000000       0.00000000      
  0.04300000       2.03091762E-03   2896.23596578    -1.80012788      0.50082463       3.67251188       0.00000000       0.00000000       0.00000000       0.00000000       0.00000000       0.00000000       0.00000000       0.00000000       0.00000000      
  0.04300000       2.57191381E-03   2895.81860523    -1.81236138      0.49396769       3.68448583       0.00000000       0.00000000       0.00000000       0.00000000       0.00000000       0.00000000       0.00000000       0.00000000       0.00000000      
  0.04300000       3.25702066E-03   2895.13471149    -1.83160637      0.48337546       3.70331368       0.00000000       0.00000000       0.00000000       0.00000000       0.00000000       0.00000000       0.00000000       0.00000000       0.00000000      
  0.04300000       4.12462638E-03   2893.77976450    -1.86777466      0.46409921       3.73866142       0.00000000       0.00000000       0.00000000       0.00000000       0.00000000       0.00000000       0.00000000       0.00000000       0.00000000      
  0.04300000       5.22334507E-03   2890.00861486    -1.96032505      0.41827508       3.82895874       0.00000000       0.00000000       0.00000000       0.00000000       0.00000000       0.00000000       0.00000000       0.00000000       0.00000000      
  0.04300000       6.61474064E-03   2882.55910037    -2.11385229      0.35233181       3.97797940       0.00000000       0.00000000       0.00000000       0.00000000       0.00000000       0.00000000       0.00000000       0.00000000       0.00000000      
  0.04300000       8.37677640E-03   2866.00786144    -2.24384155      0.30686022       4.09800302       0.00000000       0.00000000       0.00000000       0.00000000       0.00000000       0.00000000       0.00000000       0.00000000       0.00000000      
  0.04300000       1.06081836E-02   2846.98027010    -2.35691009      0.27302621       4.19947595       0.00000000       0.00000000       0.00000000       0.00000000       0.00000000       0.00000000       0.00000000       0.00000000       0.00000000      
  0.04300000       1.34339933E-02   2822.26916068    -2.46238958      0.24605217       4.28983056       0.00000000       0.00000000       0.00000000       0.00000000       0.00000000       0.00000000       0.00000000       0.00000000       0.00000000      
  0.04300000       1.70125428E-02   2803.92697822    -2.55553274      0.22393293       4.37164871       0.00000000       0.00000000       0.00000000       0.00000000       0.00000000       0.00000000       0.00000000       0.00000000       0.00000000      
  0.04300000       2.15443469E-02   2769.29688382    -2.65384642      0.20500807       4.44834346       0.00000000       0.00000000       0.00000000       0.00000000       0.00000000       0.00000000       0.00000000       0.00000000       0.00000000      
  0.04300000       2.72833338E-02   2734.27289735    -2.74736906      0.18882354       4.51977241       0.00000000       0.00000000       0.00000000       0.00000000       0.00000000       0.00000000       0.00000000       0.00000000       0.00000000      
  0.04300000       3.45510729E-02   2691.87274066    -2.84197588      0.17471392       4.58723006       0.00000000       0.00000000       0.00000000       0.00000000       0.00000000       0.00000000       0.00000000       0.00000000       0.00000000      
  0.04300000       4.37547938E-02   2639.63101377    -2.93964408      0.16237649       4.65083726       0.00000000       0.00000000       0.00000000       0.00000000       0.00000000       0.00000000       0.00000000       0.00000000       0.00000000      
  0.04300000       5.54102033E-02   2580.69126899    -3.03880866      0.15154934       4.71077585       0.00000000       0.00000000       0.00000000       0.00000000       0.00000000       0.00000000       0.00000000       0.00000000       0.00000000      
  0.04300000       7.01703829E-02   2512.65326150    -3.14146088      0.14204685       4.76702113       0.00000000       0.00000000       0.00000000       0.00000000       0.00000000       0.00000000       0.00000000       0.00000000       0.00000000      
  0.04300000       8.88623816E-02   2435.33637275    -3.24912004      0.13358036       4.82039854       0.00000000       0.00000000       0.00000000       0.00000000       0.00000000       0.00000000       0.00000000       0.00000000       0.00000000      
  0.04300000       1.12533558E-01   2347.04248832    -3.36273460      0.12618860       4.86984453       0.00000000       0.00000000       0.00000000       0.00000000       0.00000000       0.00000000       0.00000000       0.00000000       0.00000000      
  0.04300000       1.42510267E-01   2240.86059689    -3.48838132      0.11978725       4.91506243       0.00000000       0.00000000       0.00000000       0.00000000       0.00000000       0.00000000       0.00000000       0.00000000       0.00000000      
  0.04300000       1.80472177E-01   2133.05884409    -3.61439731      0.11434540       4.95544730       0.00000000       0.00000000       0.00000000       0.00000000       0.00000000       0.00000000       0.00000000       0.00000000       0.00000000      
  0.04300000       2.28546386E-01   2018.42101883    -3.74665470      0.10966869       4.99171886       0.00000000       0.00000000       0.00000000       0.00000000       0.00000000       0.00000000       0.00000000       0.00000000       0.00000000      
  0.04300000       2.89426612E-01   1900.90956262    -3.88318842      0.10565693       5.02408693       0.00000000       0.00000000       0.00000000       0.00000000       0.00000000       0.00000000       0.00000000       0.00000000       0.00000000      
  0.04300000       3.66524124E-01   1780.70353288    -4.02539130      0.10222482       5.05277114       10.81513192      10.65319032      9.97313561       9.91840431       9.96938115       10.02999671      10.04138475      10.04450016      10.01374599     
  0.04300000       4.64158883E-01   1665.48189930    -4.16671794      0.09931027       5.07789542       11.05247292      10.91724727      10.14716526      10.07164913      10.11756483      10.18087113      10.19386374      10.19913101      10.16681906     
  0.04300000       5.87801607E-01   1555.92222540    -4.30728698      0.09678475       5.10026905       11.29904725      11.18460421      10.32485378      10.22498370      10.26455308      10.32992376      10.34386519      10.35127113      10.31709298     
  0.04300000       7.44380301E-01   1457.48114247    -4.44090787      0.09457447       5.12033559       11.54342102      11.43715304      10.49768209      10.37482209      10.40708281      10.47278879      10.48748152      10.49732843      10.46076612     
  0.04300000       9.42668455E-01   1361.41444588    -4.57769396      0.09259861       5.13867428       11.80204777      11.69184744      10.67614838      10.53193675      10.55522470      10.61870401      10.63416065      10.64696029      10.60820229     
  0.04300000       1.19377664E+00   1267.69130851    -4.71777505      0.09088787       5.15487128       12.06500776      11.94976392      10.85402618      10.68922193      10.70230743      10.76044273      10.77690459      10.79321288      10.75290687     
  0.04300000       1.51177507E+00   1181.21633241    -4.85560492      0.08932399       5.16994664       12.33491556      12.20746431      11.03586252      10.85283526      10.85429626      10.90264677      10.91935956      10.93945417      10.89716475     
  0.04300000       1.91448198E+00   1083.64814684    -5.01824834      0.08800812       5.18283722       12.64983429      12.50100594      11.24342874      11.04101729      11.02829433      11.05938812      11.07519844      11.09958136      11.05476029     
  0.04300000       2.42446202E+00   1010.00484427    -5.15205299      0.08684510       5.19439214       12.92556229      12.75325884      11.42945004      11.21054063      11.18539547      11.19650860      11.20903543      11.23655924      11.19074792     
  0.04300000       3.07029063E+00   932.83117810     -5.30074788      0.08579105       5.20499870       13.24055425      13.03432054      11.64479369      11.40511876      11.36710829      11.34934129      11.35390242      11.38459148      11.33784912     
  0.04300000       3.88815518E+00   863.21954758     -5.44471747      0.08488453       5.21422555       13.56099757      13.32081722      11.86630324      11.60364030      11.55417003      11.50258709      11.49599608      11.52962179      11.48295616     
  0.04300000       4.92388263E+00   806.88483220     -5.57013846      0.08408832       5.22241130       13.85079805      13.58025069      12.07490244      11.78834643      11.73065310      11.64362831      11.62284811      11.65801660      11.61206604     
  0.04300000       6.23550734E+00   760.70157030     -5.68007072      0.08336026       5.22996457       14.11670207      13.81375557      12.27038080      11.95937884      11.89582844      11.77554398      11.73770755      11.77265135      11.72714903     
  0.04300000       7.89652287E+00   718.49631901     -5.78633872      0.08267972       5.23708467       14.38282797      14.04552056      12.46815523      12.13027428      12.06175647      11.90590246      11.85038861      11.88401142      11.83900070     
  0.04300000       1.00000000E+01   681.78300306     -5.88429618      0.08203293       5.24390624       14.63208893      14.26221868      12.65865991      12.29140138      12.21915373      12.02741148      11.95494352      11.98647367      11.94213591     
